$SPEC_ID:
No sample description was entered.
$SPEC_REM: 
DET# 1 
DETDESC# 1#GB 
AP# GammaVision Version 6.08 
$DATE_MEA: 
09/29/2022 11:51:10
$MEAS_TIM: 
23033 23033
$DATA: 
0 8191
       0
       9
       3
       0
       0
      11
       4
       0
       0
      12
       7
       0
       0
      15
      10
       0
       0
      19
      15
       0
       0
      26
      23
       0
       0
      44
      40
       0
       0
     166
     316
     128
       0
      11
     479
     690
     420
     124
     191
     382
     319
     139
     196
     412
     421
     214
     128
     237
     259
      95
       7
     138
     253
     153
      19
     110
     355
     469
     345
     137
      46
     123
     229
     169
       0
       0
       0
     211
     255
      62
       0
     168
     346
     279
     105
      53
      88
      68
       4
       0
       0
       0
       0
     215
     368
     280
     153
     222
     367
     328
     144
      79
     187
     286
     284
     268
     290
     303
     282
     220
      66
       0
       0
       0
      96
     165
     104
     103
     185
     235
     256
     326
     365
     259
     141
     233
     452
     490
     298
     139
     158
     215
     207
     213
     245
     174
      16
       0
     128
     224
     129
      13
      47
     132
     123
      87
     140
     221
     222
     181
     164
     122
      24
       0
     118
     260
     254
     166
     176
     288
     346
     274
     151
      81
     101
     190
     274
     277
     222
     212
     255
     243
     141
      67
      74
      48
       0
       0
      65
     234
     185
      20
      17
     189
     273
     168
      80
     157
     250
     195
     121
     238
     457
     478
     249
      63
     131
     282
     250
      86
      39
     147
     205
     138
     106
     184
     213
     125
     111
     280
     399
     257
      61
     134
     386
     454
     283
     155
     161
      88
       0
       0
       0
     172
     137
       0
       0
       0
       0
      43
     166
     273
     287
     246
     208
     178
     176
     229
     258
     160
      25
      33
     133
     104
       0
      41
     286
     351
     125
       0
     198
     399
     246
       0
       0
      94
       0
       0
       0
     307
     567
     307
       0
       0
     171
     359
     379
     302
     181
      99
     151
     235
     115
       0
       0
     136
     476
     366
       0
       0
      75
     247
     121
       4
     222
     548
     510
     112
       0
       0
     214
     190
      43
      88
     254
     225
      37
      59
     347
     474
     201
       0
       0
     321
     471
     307
     152
     247
     454
     511
     368
     195
     163
     240
     235
      88
      19
     209
     441
     375
     132
     158
     463
     534
     195
       0
     162
     374
     138
       0
      39
     520
     567
     178
      14
     266
     415
     195
       0
      22
      80
       0
      48
     336
     472
     246
      72
     315
     650
     585
     223
      13
      42
      66
      36
     112
     269
     319
     259
     246
     299
     319
     329
     413
     478
     356
     111
       0
      89
     232
     250
     175
     164
     307
     486
     453
     157
       0
     113
     557
     723
     451
     181
     257
     444
     379
     161
      88
     128
      70
       0
      90
     302
     338
     197
     138
     239
     360
     469
     623
     691
     487
     175
     117
     304
     360
     182
     119
     370
     615
     495
     164
      38
     223
     454
     506
     413
     309
     248
     207
     169
     161
     215
     293
     290
     181
      92
     136
     238
     248
     173
     137
     161
     172
     180
     264
     376
     374
     256
     169
     184
     233
     272
     309
     280
     113
       0
       0
      20
     137
     167
     225
     326
     330
     216
     163
     257
     370
     410
     432
     422
     276
      88
     140
     447
     651
     551
     400
     437
     481
     314
     138
     237
     429
     341
      52
       0
     214
     414
     418
     420
     521
     536
     391
     305
     412
     524
     458
     329
     310
     365
     408
     484
     593
     579
     385
     214
     212
     209
      36
       0
      39
     389
     581
     516
     413
     395
     373
     321
     345
     407
     311
      67
       0
     205
     513
     603
     503
     417
     374
     289
     231
     339
     538
     590
     440
     290
     292
     380
     449
     516
     588
     559
     374
     162
      84
     124
     157
     154
     176
     227
     261
     325
     507
     730
     776
     584
     371
     347
     429
     403
     267
     214
     311
     406
     400
     394
     471
     509
     394
     273
     372
     615
     694
     518
     342
     362
     429
     351
     248
     341
     513
     435
     111
       0
     248
     648
     721
     474
     266
     255
     268
     188
     154
     266
     357
     247
      69
     107
     370
     568
     503
     319
     279
     421
     542
     479
     306
     220
     296
     406
     400
     315
     310
     412
     460
     334
     145
      77
     151
     278
     452
     676
     784
     599
     273
     174
     358
     451
     229
       7
     163
     534
     660
     477
     340
     393
     401
     265
     246
     477
     655
     510
     275
     324
     573
     633
     425
     243
     256
     316
     303
     299
     343
     316
     196
     169
     324
     476
     455
     379
     425
     504
     407
     173
      61
     180
     358
     424
     411
     418
     437
     402
     332
     298
     301
     265
     175
     131
     229
     415
     524
     470
     346
     298
     348
     415
     468
     542
     606
     551
     376
     250
     293
     385
     322
     102
       0
       0
     177
     378
     489
     517
     512
     494
     428
     273
      95
      51
     186
     310
     220
       8
       0
     161
     334
     269
      97
      63
     160
     204
     180
     249
     431
     523
     411
     258
     245
     309
     284
     186
     175
     289
     396
     411
     374
     315
     205
      85
     102
     296
     472
     429
     232
     125
     200
     302
     284
     209
     218
     309
     366
     357
     380
     483
     559
     494
     357
     327
     424
     470
     355
     219
     265
     455
     548
     445
     308
     318
     435
     495
     439
     342
     292
     322
     417
     499
     455
     287
     166
     231
     387
     431
     340
     277
     319
     345
     261
     169
     208
     349
     447
     431
     341
     240
     170
     165
     232
     321
     394
     459
     504
     457
     296
     149
     154
     255
     266
     152
      81
     164
     282
     277
     197
     198
     278
     277
     148
      50
     120
     272
     318
     222
     114
     106
     188
     286
     331
     281
     167
      95
     127
     181
     125
       0
       0
      40
     193
     267
     282
     302
     303
     246
     204
     261
     349
     315
     153
      37
      95
     262
     390
     417
     383
     339
     294
     241
     189
     178
     233
     305
     299
     200
     112
     124
     188
     206
     186
     199
     221
     162
      53
      46
     188
     334
     355
     314
     334
     397
     383
     270
     152
      96
      89
     119
     207
     326
     373
     279
     107
       0
      17
     118
     206
     239
     242
     248
     254
     234
     184
     127
     106
     150
     239
     306
     292
     223
     185
     203
     196
      93
       0
       0
      37
     191
     273
     264
     224
     211
     235
     249
     199
     104
      73
     177
     328
     353
     215
      74
      96
     238
     309
     216
      84
      77
     174
     211
     136
      98
     212
     342
     275
      61
       0
     106
     243
     183
      44
      48
     167
     200
     113
      60
     116
     188
     194
     160
     111
      37
       0
      44
     155
     207
     190
     204
     252
     235
     153
     128
     182
     183
      87
      29
      82
     128
      70
      15
      88
     224
     287
     278
     267
     237
     159
     111
     166
     234
     192
      88
      66
     131
     158
     113
      93
     153
     229
     249
     205
     122
      38
       4
      35
      81
     104
     135
     187
     180
      72
       0
       0
      90
     152
     181
     240
     271
     169
       5
       0
      86
     168
     104
       0
       0
       0
       0
       0
       0
       0
       0
      60
      45
       0
      32
     172
     289
     259
     140
      84
     117
     134
     103
      98
     117
      53
       0
       0
       0
      71
      73
      37
      74
     122
      78
      23
     104
     261
     279
     112
       0
       0
      86
     137
     111
      74
      33
       0
       0
       0
       0
       0
       0
       0
      11
      35
      38
      26
      11
       0
       0
      12
     119
     197
     143
       1
       0
       0
      64
      45
       0
       0
      29
      26
       0
      32
     153
     228
     190
     113
      76
      45
       0
       0
      24
     139
     170
      97
      14
       0
       0
      25
      77
     134
     138
      74
      10
      20
      91
     149
     146
      92
      22
       0
       0
       0
      43
     115
     130
      88
      39
      21
      28
      49
      93
     164
     214
     185
      97
      35
      49
      95
      98
      55
      24
      44
      91
     120
     111
      76
      43
      42
      78
     121
     126
      93
      76
     126
     210
     221
      99
       0
       0
       0
       0
       7
       0
      22
     115
     139
      41
       0
       0
      16
      61
      20
       0
      50
     140
     146
      59
       0
       0
       0
       0
       0
      20
      86
      93
      41
       0
       0
       8
      18
      61
     142
     186
     125
      11
       0
       3
      65
      71
      47
      50
      79
      82
      49
      41
     106
     198
     216
     129
      11
       0
       0
       0
       0
       0
       0
       0
       0
       0
       0
       0
       0
       0
      60
     131
      65
       0
       0
      14
      75
     107
     146
     185
     167
      93
      26
       6
      17
      44
      89
     127
     128
     108
      99
      81
      20
       0
       0
      49
     108
     109
     109
     129
      99
       0
       0
       0
      37
      86
      76
      75
     101
     105
      80
      73
      93
      91
      47
      16
      37
      69
      62
      39
      60
     116
     131
      72
       0
       0
      12
       9
       0
       0
      39
     127
     132
      53
       0
       0
       0
      33
      47
      46
      39
      44
      80
     126
     136
      97
      55
      47
      49
      19
       0
       0
       0
      67
      91
      52
       0
       0
      16
      88
     134
     142
     124
      85
      27
       0
      23
      93
     119
      71
      16
      20
      55
      64
      53
      53
      41
       0
       0
       0
      42
     119
     102
      56
      64
     107
     116
      84
      49
      29
      20
      44
     105
     142
     104
      48
      68
     131
     117
      25
       0
      61
     113
      58
       6
      83
     198
     177
      63
      44
     124
     103
       0
       0
       0
     212
     234
      99
      36
     103
     142
      69
       0
       0
       0
       0
       0
      48
      55
      13
      26
     120
     166
      81
       0
      17
     122
     159
     127
     131
     162
     123
      32
      13
      78
      89
       0
       0
       0
      61
      92
      42
       9
      29
      49
      28
       0
       0
       0
       0
       0
      26
      31
      27
      50
      73
      56
      24
      23
      35
      22
      13
      61
     138
     157
     104
      51
      45
      56
      63
      85
     113
     108
      78
      79
     110
      98
      25
       0
       0
      17
       0
       0
       5
      64
      71
      29
       0
       7
      36
      82
     135
     156
     124
      78
      53
      30
       0
       0
      38
      82
      84
      99
     158
     176
      86
       0
       1
      76
      72
      12
      32
     120
     116
       0
       0
       0
      52
       0
       0
       0
      91
      95
      12
       0
      19
      47
      21
       0
      18
      42
      37
      21
      21
      41
      60
      50
       9
       0
      28
     104
     125
      82
      51
      58
      31
       0
       0
       0
      64
      39
       0
      15
      77
      53
       0
       0
      50
      76
      20
       0
      21
      36
       0
       0
       0
      53
      68
      57
      61
      43
       0
       0
       0
      63
     120
      86
      40
      42
      60
      33
       0
       0
      42
     110
      99
      22
       0
      11
      75
      82
      30
       0
      23
      78
     105
     105
     106
     110
      94
      59
      40
      58
      84
      80
      57
      59
      84
      79
      35
      16
      57
      86
      26
       0
       0
      41
     119
     101
      59
      68
     101
     104
      84
      69
      50
      26
      33
      59
      40
       0
       0
      21
      81
      49
       0
       0
      44
      66
      73
     109
     131
      82
      16
      21
      70
      83
      80
     132
     199
     187
     111
      60
      33
       0
       0
       9
     126
     131
      26
       0
      40
      95
      74
      69
     134
     168
     105
      39
      56
      87
      43
       0
       0
      23
      39
      41
      71
      96
      79
      63
      86
      97
      50
      10
      49
     116
     123
      89
      90
     115
      95
      43
      28
      48
      44
      12
       9
      38
      45
      21
      18
      51
      67
      32
       0
       0
       0
       7
     100
     146
     112
      54
      46
      77
      96
     100
     108
      85
       3
       0
       0
      67
      89
       9
       0
       0
      44
      63
      54
      67
      89
      87
      86
     114
     129
      82
      10
       0
      39
      71
      46
       5
       4
      45
      87
      95
      68
      36
      35
      67
      96
      88
      53
      22
       3
       0
       0
       0
      28
      74
      79
      54
      32
      27
      32
      38
      45
      44
      33
      33
      62
      99
     105
      73
      46
      49
      57
      36
       0
       0
      23
      62
      77
      68
      53
      50
      57
      65
      76
     107
     154
     172
     129
      60
      26
      32
      29
       7
      11
      46
      55
      15
       0
      22
      68
      73
      59
      59
      38
       0
       0
      50
     136
      96
       0
       0
      72
     142
     117
      89
     117
     123
      51
       0
       1
      52
      59
      50
      80
     114
      96
      59
      71
     107
     102
      58
      33
      32
      18
       0
       0
      11
      27
      57
     111
     138
      96
      40
      54
     114
     119
      50
       0
       8
      34
      25
      15
      53
     104
     106
      71
      70
     115
     142
      99
      28
       5
      29
      36
       4
       1
      69
     140
     121
      42
      12
      58
      98
      80
      57
      80
     119
     125
     110
      97
      75
      42
      41
      85
     114
      76
      16
       0
      22
      42
      69
     118
     146
     110
      51
      39
      62
      56
      21
      10
      34
      52
      51
      45
      30
       4
      10
      71
     117
      79
      13
      32
     116
     138
      70
      22
      54
      91
      62
      11
       0
       8
       2
       0
      22
      35
      26
      34
      72
      78
      33
      18
      79
     128
      79
       0
       0
      62
      86
      57
      69
     135
     159
      97
      32
      25
      21
       0
       0
       0
      48
      90
      66
      35
      38
      63
      78
      69
      39
      14
      33
      87
     116
      92
      65
      84
     116
      98
      48
      24
      25
       4
       0
      15
      94
     105
      16
       0
       8
     127
     166
     109
      58
      67
      84
      62
      39
      63
     113
     124
      79
      18
       0
       0
       0
       0
       0
      22
      48
      49
      37
      50
      89
     106
      82
      59
      65
      72
      56
      47
      66
      73
      34
       0
      15
      50
      33
       0
       0
      61
     113
     109
      84
      67
      49
      36
      50
      71
      58
      25
      17
      39
      58
      84
     128
     126
      11
       0
       0
       0
      22
       0
       0
       0
      71
      70
      32
      42
      76
      66
      38
      50
      82
      78
      58
      65
      78
      59
      38
      54
      66
      36
      18
      71
     129
      96
       8
       0
      28
      41
       0
       0
       9
      62
      85
      96
     105
      82
      31
      11
      37
      53
      29
       4
      16
      46
      66
      79
      92
      91
      73
      51
      30
      15
      22
      56
      81
      67
      46
      72
     126
     148
     132
     126
     131
     106
      54
      35
      67
      94
      74
      27
       0
       0
       0
      39
      66
      31
       0
      25
     135
     195
     139
      39
       0
       0
       0
       0
       0
       0
       0
       0
      58
     115
      91
      48
      56
     102
     125
     106
      65
      25
       5
      18
      41
      30
       0
       0
      57
     105
      88
      43
      32
      46
      38
      16
      17
      36
      42
      37
      36
      26
       0
       0
      12
      87
     119
      93
      67
      82
     105
      90
      46
      14
      11
      27
      47
      52
      33
       6
       5
      37
      64
      48
       1
       0
      17
      78
     119
     133
     143
     151
     123
      59
      13
      26
      65
      64
      22
       3
      42
      90
      83
      28
       0
      40
     110
     134
      94
      51
      62
      96
      85
      33
      24
      86
     131
      82
       0
       1
      74
     100
      37
       0
       0
      14
      20
       9
      23
      51
      61
      68
      95
     118
      92
      36
       9
      29
      59
      70
      74
      81
      81
      63
      39
      25
      21
      24
      34
      53
      70
      71
      62
      68
      89
      92
      52
       3
       1
      34
      37
       0
       0
      28
      76
      52
       4
      16
      72
      85
      50
      44
      83
      96
      58
      29
      37
      36
       9
      13
      67
      96
      55
      15
      47
      97
      85
      40
      39
      69
      58
       4
       0
      12
      55
      70
      63
      45
      24
      28
      70
     103
      82
      38
      42
      93
     123
     104
      72
      56
      48
      44
      56
      80
      91
      96
     109
     105
      50
       0
       0
      29
      78
      71
      45
      42
      55
      65
      78
      84
      62
      32
      47
     108
     134
      81
      11
       5
      54
      94
      99
      91
      79
      62
      62
      97
     125
      98
      34
       7
      46
      92
      81
      27
       0
      23
      78
     100
      66
      24
      34
      84
     102
      61
      24
      52
     103
      87
       8
       0
      13
      92
     126
     122
     125
     129
     107
      73
      71
      89
      78
      29
       0
      20
      57
      72
      67
      60
      47
      32
      46
      89
     105
      60
       5
       7
      52
      76
      70
      80
     106
      95
      45
      23
      55
      77
      40
       3
      36
      92
      73
       0
       0
       0
      79
      95
      30
       0
       0
      20
      58
      43
       0
       0
       0
      16
      32
      28
      44
      86
     107
      76
      31
      30
      71
      98
      78
      38
      18
      23
      36
      54
      75
      72
      35
       9
      43
     102
      96
      16
       0
      34
     116
      99
      14
       0
      73
     122
      70
       3
      13
      60
      65
      43
      52
      71
      49
      16
      42
     102
      98
      23
       0
      17
      65
      62
      51
      88
     136
     123
      63
      30
      44
      49
      18
       0
      25
      80
      95
      54
      17
      42
     103
     119
      62
       2
      17
      85
     125
     109
      77
      57
      36
      18
      35
      78
      89
      53
      31
      58
      79
      48
      23
      74
     149
     138
      51
      12
      70
     126
      87
       4
       0
      50
     106
     105
      70
      32
       0
       0
       0
      29
      41
      12
       5
      58
     119
     111
      46
       9
      32
      60
      52
      35
      42
      40
       2
       0
      11
      84
     104
      61
      36
      68
      98
      76
      41
      42
      65
      71
      74
      98
     112
      77
      27
      25
      65
      94
     100
     114
     121
      78
       5
       0
      44
      85
      50
       1
      20
      81
     100
      64
      34
      44
      70
      88
     100
     105
      94
      71
      56
      49
      41
      41
      65
      87
      66
      16
       0
      35
      78
      84
      71
      79
      93
      82
      49
      33
      45
      59
      51
      30
      20
      29
      48
      58
      50
      34
      27
      37
      51
      64
      82
     104
     104
      71
      36
      35
      67
      96
     110
     117
     113
      82
      36
      22
      58
     105
     117
      93
      61
      36
      22
      34
      83
     128
     115
      51
       8
      32
      81
      95
      73
      54
      50
      37
      13
      12
      46
      80
      80
      60
      57
      84
     125
     160
     166
     136
      87
      53
      43
      38
      29
      39
      68
      77
      48
      32
      79
     149
     154
      90
      33
      29
      44
      42
      45
      74
      99
      89
      68
      66
      70
      57
      52
      84
     124
     118
      66
      25
      20
      24
      20
      28
      57
      81
      79
      64
      54
      52
      55
      64
      71
      68
      68
      89
     114
     103
      64
      49
      81
     110
      87
      45
      45
      81
      87
      40
       1
      20
      75
     104
      89
      62
      46
      35
      18
       7
       9
      17
      25
      41
      67
      78
      61
      41
      54
      87
      88
      46
       2
       0
      14
      31
      46
      67
      81
      82
      85
      94
      76
      21
       0
       1
      57
      68
      30
      23
      85
     147
     124
      36
       0
       2
      56
      77
      57
      35
      41
      61
      66
      52
      44
      54
      59
      39
      22
      48
     107
     138
     104
      43
      13
      26
      49
      58
      51
      39
      31
      33
      41
      49
      59
      78
      99
     107
     103
     100
      98
      79
      43
      20
      26
      37
      28
      19
      40
      79
      89
      53
      10
       0
       9
      29
      60
     106
     143
     132
      76
      29
      29
      54
      62
      50
      51
      67
      65
      36
      24
      60
     108
     118
      96
      81
      71
      36
       0
       9
      80
     132
     119
      82
      76
      90
      85
      66
      63
      71
      68
      65
      82
      96
      68
      16
       0
      30
      65
      70
      70
      95
     128
     134
     108
      77
      61
      66
      90
     118
     121
      90
      49
      29
      38
      62
      88
     107
     106
      78
      40
      28
      49
      75
      76
      59
      53
      66
      76
      67
      56
      64
      85
      95
      87
      80
      86
     101
     103
      73
      18
       0
       0
      36
      81
      75
      49
      56
      84
      81
      46
      32
      61
      88
      77
      57
      63
      85
      90
      84
      80
      69
      46
      39
      65
      94
      96
      86
      90
      93
      75
      61
      82
     113
     113
      95
      94
      96
      62
      17
      20
      63
      81
      65
      67
      95
      95
      56
      47
      97
     135
     109
      70
      88
     131
     127
      86
      71
      89
      89
      61
      48
      64
      68
      52
      62
     121
     177
     162
      87
      25
      21
      58
      89
      95
      87
      84
      85
      82
      79
      85
      91
      83
      68
      74
     102
     117
      98
      67
      63
      86
     100
      83
      46
      18
      20
      45
      68
      70
      64
      79
     110
     123
     108
      91
      88
      76
      47
      37
      66
     103
     109
      98
      93
      84
      57
      39
      57
      82
      75
      62
      84
     115
      98
      53
      53
      93
     102
      67
      65
     124
     164
     127
      62
      36
      31
       6
       0
      33
     101
     128
     112
      98
      88
      61
      37
      58
      94
      84
      32
       3
      17
      33
      37
      65
     120
     147
     120
      82
      73
      74
      63
      63
      89
     108
      95
      77
      90
     109
      97
      67
      60
      77
      94
      98
      97
      85
      65
      60
      83
     102
      89
      66
      69
      87
      86
      74
      86
     112
     110
      77
      53
      53
      47
      28
      33
      75
     113
     109
      76
      55
      56
      65
      71
      63
      36
      16
      36
      92
     129
     111
      67
      46
      53
      62
      59
      54
      54
      63
      85
     122
     153
     148
     106
      62
      45
      56
      69
      61
      41
      40
      73
     110
     112
      89
      83
     109
     132
     119
      87
      71
      79
      97
     103
      80
      27
       0
       0
       0
      18
      49
      92
     137
     138
      90
      53
      65
      85
      69
      45
      60
      86
      68
      34
      50
     109
     130
      97
      80
     116
     144
     117
      78
      82
     103
      90
      63
      71
     110
     128
     107
      76
      57
      50
      63
      99
     126
     109
      64
      44
      62
      83
      85
      85
      93
      89
      65
      49
      62
      84
      82
      64
      63
      90
     110
      90
      48
      34
      76
     140
     172
     156
     123
     107
     108
     109
     103
      90
      75
      66
      71
      81
      77
      61
      66
     100
     123
     104
      70
      63
      67
      41
       4
      21
      93
     137
     105
      56
      62
     109
     130
     109
      89
      88
      82
      67
      71
      92
      87
      46
      25
      64
     118
     118
      76
      64
     104
     139
     127
     106
     122
     154
     147
     104
      87
     117
     141
     111
      50
      23
      44
      77
      94
     102
     108
     102
      85
      76
      86
      93
      81
      70
      80
     101
     107
     100
     101
     114
     113
      92
      72
      70
      81
      97
     117
     135
     131
     102
      74
      73
      96
     126
     152
     158
     131
      83
      64
      95
     132
     122
      81
      71
     110
     140
     119
      72
      50
      64
      87
      96
      96
      95
      93
      86
      66
      28
       0
       0
       9
      62
     104
     116
     100
      70
      46
      43
      52
      56
      64
      93
     119
      95
      23
       0
       0
      18
      11
       3
      51
     125
     140
      91
      54
      61
      66
      41
      31
      68
     104
      84
      39
      40
      85
     111
      86
      55
      68
     108
     118
      77
      37
      50
     102
     122
      81
      38
      55
     101
     103
      65
      63
     116
     150
     109
      45
      34
      78
     115
     112
      81
      48
      40
      71
     112
     108
      58
      29
      60
      96
      82
      56
      82
     136
     139
      90
      58
      68
      74
      57
      53
      77
      93
      83
      82
     101
      95
      45
       5
      29
      79
      87
      53
      39
      70
     101
      87
      49
      41
      78
     120
     116
      68
      29
      33
      61
      76
      68
      54
      37
      14
       7
      34
      72
      82
      63
      51
      62
      82
      95
      99
      85
      55
      45
      81
     122
     106
      50
      34
      79
     117
     106
      80
      81
      93
     100
     118
     140
     121
      52
       2
      20
      55
      51
      32
      52
      94
     106
      94
      93
      96
      72
      45
      58
      89
      89
      67
      72
      96
      93
      64
      57
      74
      67
      37
      37
      78
      98
      66
      24
      21
      43
      63
      80
      95
      91
      70
      69
     100
     121
     105
      80
      75
      79
      73
      71
      84
      92
      74
      48
      37
      40
      42
      47
      61
      77
      84
      81
      67
      43
      31
      56
      96
      96
      53
      27
      47
      68
      50
      29
      47
      81
      84
      66
      69
      94
     103
      86
      69
      62
      60
      70
      96
     112
      96
      65
      52
      51
      37
      28
      55
     103
     120
      93
      65
      60
      62
      62
      72
      96
     111
     106
      93
      77
      52
      27
      25
      48
      67
      67
      63
      61
      54
      57
      87
     117
      96
      38
      19
      66
     107
      82
      34
      36
      68
      56
       7
       0
      54
     104
      92
      51
      43
      62
      63
      41
      35
      55
      71
      64
      55
      55
      46
      14
       0
      24
      73
      90
      69
      52
      57
      52
      20
       0
      26
      67
      74
      58
      59
      80
      85
      66
      48
      48
      57
      72
      91
      90
      56
      29
      52
      93
      85
      40
      36
      83
     101
      53
      10
      22
      41
      22
      16
      66
     109
      73
      11
      21
      72
      68
      20
      22
      79
      97
      56
      36
      62
      62
      24
      28
      97
     129
      73
      26
      65
     110
      72
      13
      35
      93
      82
      21
      18
      71
      80
      32
      18
      61
      77
      32
       0
      10
      35
      34
      42
      80
     101
      75
      45
      50
      64
      64
      72
      95
      95
      59
      39
      63
      96
     105
     112
     125
     107
      60
      50
      97
     120
      73
      33
      73
     132
     114
      39
       1
      19
      42
      61
      96
     121
     101
      75
      99
     137
     116
      64
      69
     121
     124
      62
      24
      52
      83
      73
      59
      64
      52
      17
      14
      57
      89
      80
      74
      86
      67
      14
       8
      69
     101
      46
       0
      43
     116
      96
      16
       0
      68
     112
      81
      41
      61
     115
     140
     116
      66
      25
      26
      60
      74
      35
       0
      27
      93
     112
      74
      52
      81
     110
      92
      54
      44
      61
      68
      54
      40
      51
      84
     112
     110
      86
      78
      96
     103
      78
      60
      84
     108
      76
      20
      15
      63
      95
      86
      83
     101
      98
      66
      62
     102
     124
      86
      45
      57
      83
      64
      29
      40
      82
      84
      48
      40
      80
     109
      86
      45
      34
      46
      56
      60
      70
      77
      69
      52
      44
      58
      92
     134
     152
     124
      71
      42
      55
      75
      65
      41
      42
      69
      87
      83
      77
      75
      58
      29
      33
      87
     132
     101
      18
       0
      23
      78
      70
      18
       0
      36
      71
      63
      36
      30
      44
      52
      48
      49
      61
      76
      83
      84
      75
      53
      30
      30
      53
      65
      41
       3
       0
      27
      51
      45
      31
      35
      43
      29
       5
       3
      22
      34
      30
      33
      45
      39
      11
       1
      30
      71
      84
      70
      49
      29
      14
      17
      40
      57
      51
      40
      55
      90
     113
     111
      92
      67
      42
      25
      18
      24
      50
      90
     100
      53
       0
      14
      88
     118
      61
       3
      26
      81
      75
      23
      12
      52
      76
      59
      51
      65
      54
      10
       0
      11
      33
      25
      14
      28
      46
      50
      55
      63
      49
      17
      10
      36
      54
      48
      53
      70
      45
       0
       0
      29
     104
      89
      23
      11
      55
      74
      36
       3
      16
      50
      65
      63
      59
      58
      55
      47
      28
      10
      28
      79
     110
      84
      46
      51
      73
      54
       9
      12
      68
     103
      83
      54
      49
      44
      28
      41
      89
     107
      56
       0
       0
      31
      28
       0
       5
      46
      62
      42
      40
      69
      73
      30
       1
      40
     113
     180
     286
     497
     792
    1101
    1430
    1847
    2330
    2733
    2925
    2901
    2711
    2368
    1891
    1378
     953
     654
     430
     249
     121
      47
       0
       0
       0
       1
       8
       0
       0
       0
       9
      11
      25
      59
      68
      24
       0
       0
      11
      45
      53
      46
      22
       0
       0
       8
      74
      88
      34
       0
       0
       0
       4
       3
      24
      58
      60
      22
       1
      35
      80
      68
       9
       0
      29
      68
      37
       0
       0
      46
      79
      55
      35
      52
      63
      35
       2
       5
      17
       1
       0
       0
      26
      32
      18
      14
      10
       0
       0
       4
      46
      45
       6
       0
      17
      28
       0
       0
       0
       0
       0
      16
      44
      55
      43
      34
      41
      43
      19
       0
       0
      13
      30
      11
       0
       0
       0
      17
      16
       0
       0
       5
      32
      28
      15
      24
      35
      16
       0
       0
       0
      13
      11
      18
      27
       6
       0
       0
       0
      25
       0
       0
       0
      23
      51
      18
       0
      30
      93
     101
      41
       0
       0
      37
      48
      31
      31
      47
      35
       0
       0
       9
      49
      34
       0
       0
       6
      20
      14
      17
      24
      10
       0
       0
      17
      29
      10
       4
      30
      45
      20
       0
      24
      66
      59
       5
       0
       0
      45
      69
      49
      12
       0
       0
       0
       0
       0
       0
       0
       0
      17
      60
      64
      33
      12
      30
      52
      40
       6
       0
       0
       0
       0
       0
      14
      39
      43
      29
       9
       0
      14
      44
      50
      18
       0
      19
      66
      68
      24
       0
       0
       0
       0
       0
      28
      39
      14
       0
       0
       0
       0
       0
       0
      21
      23
       0
       0
       0
      18
      41
      43
      22
       4
      19
      57
      79
      66
      37
      12
       0
       0
       0
      11
      17
       9
      13
      27
      21
       0
       0
       3
      22
       5
       0
       0
       0
      13
      28
      28
       4
       0
       0
      17
      32
       0
       0
       0
      12
       0
       0
       0
       0
       0
       0
       6
      53
      62
      12
       0
       0
       0
      22
      24
      14
       3
       0
       0
       0
       0
       0
       0
       0
       0
      11
      20
      10
       0
       1
      30
      47
      31
       2
       0
       0
       0
       0
       0
       0
       4
      14
      41
      60
      40
       0
       0
      16
      48
      55
      46
      36
      24
      10
       4
       7
      10
      16
      35
      59
      61
      37
      14
      13
      21
      17
       6
       9
      28
      42
      31
       3
       0
       0
       0
       0
       0
       3
      42
      64
      35
       0
       0
       0
       7
       4
       0
       0
       0
       3
       6
       6
      27
      53
      47
      15
       1
      27
      58
      51
      16
       0
       5
      13
       4
       0
       0
      14
      23
      21
      13
       7
      13
      27
      23
       0
       0
       0
      27
      32
       0
       0
       0
      19
      10
       0
       0
       0
       0
       0
      13
       4
       0
       0
       0
      12
       9
       0
       0
       4
       0
       0
      12
      30
      20
       3
       7
      15
       7
       6
      34
      57
      36
       0
       0
       8
       9
       0
       0
       3
       0
       0
      11
      45
      26
       0
       0
       0
      19
      32
      21
      19
      18
       2
       0
       0
      25
      43
      32
       2
       0
       0
      21
      35
      18
       1
      16
      41
      36
      10
       4
      16
      11
       0
       0
      10
      28
      15
       0
       0
       0
       0
       0
      12
      12
       5
      18
      45
      48
      18
       0
       0
       3
       3
       6
      22
      26
       8
       0
      13
      44
      61
      55
      33
       2
       0
       0
      27
      35
      12
       0
       0
       0
       0
       0
      10
      21
      24
      21
      11
       0
       0
      13
      45
      42
      12
       4
      25
      32
      12
       0
      13
      27
      32
      61
     126
     201
     287
     448
     727
    1078
    1435
    1784
    2125
    2404
    2546
    2531
    2383
    2117
    1759
    1372
    1024
     728
     474
     281
     169
     113
      67
      28
      23
      38
      32
       0
       0
       0
      22
      21
       0
       0
       0
       0
       0
       0
       0
       0
       0
      21
      11
       0
       0
       0
       0
       0
       0
       0
       0
      13
      36
      32
       4
       0
      15
      31
       5
       0
       0
       0
       0
       0
       0
       0
       0
       4
      24
      24
       0
       0
       0
      10
       2
       0
       0
       0
       0
       0
       0
       0
       2
       3
      17
      39
      32
       0
       0
       0
       0
      10
       0
       0
       9
      20
      13
       0
       0
      22
      36
      16
       0
       0
       0
      14
       3
       0
       0
       8
       0
       0
       6
      41
      40
       3
       0
      16
      40
      21
       0
       0
       0
       0
       0
       7
      14
       6
       2
      15
      27
      12
       0
       0
       4
      12
       0
       0
       0
       0
       0
       0
       0
       6
       9
       0
       0
       0
       0
       0
       0
       0
       0
       7
       2
       0
       0
       8
       7
       0
       6
      24
      17
       0
       0
       0
       0
       4
      18
      22
      28
      29
      15
       0
       0
       0
       0
       0
      28
      33
       7
       0
       0
       3
      19
       0
       0
       0
       0
      17
      13
       0
       0
       0
       0
       0
       0
       0
       0
       0
       0
       0
       2
       0
       0
       0
       8
       5
       4
       9
      11
       2
       0
       7
      20
      20
       7
       0
       0
       8
      16
      16
      14
      12
      10
       1
       0
       0
       0
       0
       0
       2
      16
       8
       0
       0
       8
      29
       4
       0
       0
       0
       6
       0
       0
      19
      30
      15
      10
      22
      17
       0
       0
       0
      13
       0
       0
      16
      39
      22
       0
       5
      21
       0
       0
       0
      24
      30
       0
       0
       3
      37
      14
       0
       0
       0
       0
       0
       0
       8
      33
      25
       2
       0
       0
       0
       0
       0
       0
       0
       0
      10
      36
      45
      25
       0
       0
       0
       0
       0
       4
      11
      10
       0
       0
       0
       3
       4
       0
       0
       0
       5
      18
      11
       0
       0
       0
       0
       0
       0
       2
      12
       7
       0
       0
       4
       0
       0
       0
       0
       0
       0
       0
       0
       0
       0
       0
       0
       0
      11
      17
       2
       0
       0
       0
       0
       8
       0
       0
      10
      29
      22
       0
       0
       0
       0
       0
       0
       0
       0
       0
       0
       0
       0
       0
       0
       1
       0
       0
       5
      26
      28
       8
       0
       0
       0
       8
       8
       0
       0
       0
       1
       9
      14
      20
      21
       8
       0
       0
      10
      24
       6
       0
       0
       0
       0
       0
       0
       0
      11
       8
       0
       0
       0
      16
      21
      13
       3
       0
       0
       0
       0
       8
      16
       2
       0
       0
       0
       0
       0
       0
       5
       0
       0
       0
       0
      11
      13
       3
       0
       0
       0
      11
      24
      10
       0
       0
      11
      16
       2
       0
       0
       0
       0
       0
       0
       0
       0
       0
       0
       0
       0
       0
       0
       0
       0
       0
       0
       2
      54
      49
       0
       0
       2
      14
       0
       0
      12
      26
       9
       0
       5
      15
       0
       0
       0
       1
       2
       0
       0
       0
       9
       3
       0
       0
       0
       0
       3
       9
       9
       1
       0
       0
       0
       0
       0
       0
       0
       0
       0
       0
       0
       0
       0
       0
       0
       4
      15
      27
      29
      17
       6
       8
      10
       0
       0
       0
       3
      10
       0
       0
       0
       4
       0
       0
       0
       0
       1
       0
       0
       0
      16
      16
       0
       0
       0
       1
      12
      11
       7
       6
       8
       6
       0
       0
       2
      13
      10
       0
       0
       0
       0
       0
       0
       0
       0
       0
       0
       0
       0
      13
      10
       0
       0
       0
       2
       6
      14
      27
      21
       0
       0
       0
       0
       0
       1
       0
       3
       2
       0
       4
       8
       3
       0
       3
      16
      11
       0
       0
       0
       0
       9
      10
      10
       4
       0
       0
       3
      13
       7
       0
       0
       5
      12
      10
       2
       0
       0
       0
       0
       0
       6
       0
       0
       0
       0
       0
       0
       0
       0
       0
       0
      11
       8
       0
       0
       1
       5
       3
       4
       4
       0
       0
       0
       0
       0
       0
       0
       4
       7
       5
      10
      19
      17
       7
       5
      13
      15
       7
       0
       0
       0
       0
       0
      19
      19
       0
       0
       0
       5
       0
       0
       4
      15
      11
       0
       0
       0
       0
       0
       0
       6
       0
       0
       0
       5
      13
       1
       0
       0
       4
       0
       0
       3
      15
      11
       0
       0
       0
       2
       8
       0
       0
       0
       0
       4
      11
      13
      18
      18
      10
       5
      13
      21
      16
       5
       3
       4
       0
       0
       0
       9
       6
       0
       9
      25
      15
       0
       0
       0
       0
       0
       0
       3
      15
       6
       0
       0
       0
       0
       0
       0
      12
       2
       0
       0
      23
      31
       2
       0
       0
       5
       0
       0
       0
      10
       5
       0
       0
      11
      25
       8
       0
       0
       7
      11
       0
       0
       0
       9
      10
       0
       0
       0
      13
      23
      18
       8
       6
      11
      11
       4
       0
       2
       5
       7
      12
      18
      12
       0
       0
       0
       4
       0
       0
       0
      12
       7
       0
       0
       0
       0
       1
       0
       3
       7
       6
       6
      10
      13
      11
       5
       1
       0
       0
       0
       0
       1
       6
       4
       0
       0
       0
       0
       2
       0
       0
       0
       0
       5
       0
       0
       0
       0
       0
       0
      12
      19
      16
       4
       0
       0
       0
       1
       0
       0
       0
       3
      28
      28
       3
       0
       0
      12
       8
       0
       2
       8
       0
       0
       0
       0
       0
       5
       6
       6
       0
       0
       0
       0
       0
       0
       0
       7
      18
      11
       0
       0
       0
       0
      12
      16
       0
       0
       0
       3
       4
       0
       0
       0
      11
      24
      11
       0
       0
       0
       6
      16
      16
       0
       0
       0
       0
       0
      12
      22
      22
       8
       0
       0
       0
       0
      16
      18
       7
       4
      10
      13
       6
       0
       1
       7
      11
      17
      23
      20
       7
       0
       0
       0
       0
       0
       5
      25
      29
      15
       3
       1
       4
       5
       7
       8
       3
       0
       0
      12
      18
      11
       3
       2
       1
       0
       0
       0
       1
       0
       0
       0
       6
      15
      15
       7
       0
       0
       0
       0
       0
       0
       0
       0
       0
       1
       0
       1
       6
       5
       0
       0
       2
      15
      18
      12
      10
      14
      14
       2
       0
       0
       0
       3
       0
       0
       0
      15
      14
       4
       9
      25
      25
       1
       0
       0
       0
       0
      11
      30
      34
      21
      13
      18
      16
       0
       0
       0
      13
      12
       0
       0
       0
       4
       0
       0
       2
       6
       0
       0
       5
      21
      21
       7
       0
       0
       0
       0
       1
       0
       0
       0
       0
       0
       9
      16
      19
      13
       1
       0
       0
       0
       0
       0
       0
       0
       0
       8
      12
       9
       6
      11
      14
       0
       0
       0
       1
      18
      12
       0
       0
       0
       0
       1
      12
      16
       5
       0
       0
       4
       0
       0
       0
       0
       2
       3
      10
      13
       1
       0
       0
       0
       4
       0
       0
       5
       3
       0
       0
       3
       9
       2
       0
       0
       2
       1
       0
       0
       0
       0
       0
       0
       0
       0
       0
       0
       3
       0
       0
       0
      11
      11
       0
       0
       0
       6
       3
       0
       0
       0
       0
       0
       0
      13
      16
       5
       0
       0
       7
      12
      10
       8
       9
       7
       2
       1
       9
      17
      13
       1
       0
       0
       0
       0
       0
       0
       8
      19
      20
      12
       3
       0
       4
       6
       2
       0
       0
       0
       0
       0
       0
       0
       9
      14
      10
       5
       2
       1
       3
       7
       5
       0
       0
       0
       0
       0
       0
       0
       2
       3
       2
       0
       0
       0
       0
       0
       0
       0
       0
       0
       0
       4
       2
       0
       1
       2
       1
       0
       0
       0
       0
       0
       0
       0
       0
       0
       0
       0
       0
       0
       0
       0
       3
       6
       2
       0
       0
       0
       0
       0
       0
       0
       0
       0
       0
       0
      15
      22
      10
       0
       0
       0
       0
       0
       0
       0
      14
      17
      10
       8
       8
       2
       0
       5
      13
       3
       0
       0
       0
       7
       0
       0
       0
       0
       0
       0
      13
      21
       7
       0
       0
      21
      25
       4
       0
       0
       8
       6
       0
       0
       0
       0
       0
       0
       0
       0
       0
       0
       0
       0
       0
       0
       0
       0
       0
       0
       0
       0
       0
       0
       1
       4
       0
       0
       0
       0
       0
       0
       0
       0
       0
       0
       0
       0
       0
       0
       0
       0
       4
      19
      13
       0
       0
      18
      24
       0
       0
       0
       9
      13
       0
       0
       0
       9
       7
       1
       0
       0
       0
       0
       0
       4
       0
       0
       0
      11
      11
       1
       0
       6
       9
       1
       0
       0
       3
       9
       5
       0
       0
       5
       9
       3
       0
       0
       2
      10
      11
       8
      10
      11
       2
       0
       0
       0
      11
       8
       0
       0
       0
       0
       5
       0
       0
       0
       0
       1
       4
      11
      16
      10
       0
       0
       0
       0
       0
       0
       2
      20
      19
       7
       4
       6
       0
       0
       0
       6
      15
       8
       0
       0
       0
       5
       3
       0
       0
       0
      11
      13
       2
       0
       0
       9
       2
       0
       0
       0
       6
       4
       0
       0
       0
       0
       0
       0
       9
       8
       0
       0
       4
       8
       1
       0
       0
       0
       0
       0
       4
       5
       0
       0
       0
       0
       9
       4
       0
       0
       0
       0
       0
       0
       2
       7
       4
       0
       0
       3
       8
       2
       0
       0
       2
       0
       0
       0
       0
       6
       8
       0
       0
       0
       0
       7
      14
       8
       0
       0
       0
       0
       8
      21
      24
      12
       0
       0
       0
       0
       0
       0
       0
       0
       0
       0
       0
      19
      22
       0
       0
       1
      19
      21
       8
       0
       0
       0
       0
       0
       0
       0
       6
       9
       2
       0
       0
       7
       8
       4
       2
       2
       0
       0
       0
       0
       0
       0
       6
      19
      20
       5
       0
       0
       0
       0
       0
       5
       8
      11
      12
       8
       0
       0
       0
       0
       0
       0
       0
       1
       3
       0
       0
       0
       0
       4
       7
       3
       0
       0
       0
       0
       0
       0
       0
       9
      21
      12
       3
       9
      15
       6
       0
       0
      12
      14
       4
       0
       2
       0
       0
       0
       5
      16
      11
       5
       9
      12
       0
       0
       0
      11
      16
       3
       0
       3
      17
      11
       0
       0
       0
       7
       7
       0
       0
       1
      18
      16
       0
       0
       0
       5
       5
       0
       0
       0
       4
       2
       0
       0
       0
       2
       3
       0
       0
       0
       0
       0
       0
       0
       1
       0
       0
       5
      16
      13
       0
       0
       0
       7
      12
       4
       0
       0
       0
       0
       0
       8
      20
      11
       0
       0
       0
       3
       9
       5
       0
       0
       4
      13
      11
       0
       0
       0
       6
       5
       5
      11
       9
       0
       0
       0
       0
       7
       1
       0
       0
       0
       0
       0
      13
      22
      11
       0
       0
      10
       8
       0
       0
       0
       0
       0
       0
       5
       9
       5
       0
       0
       0
       0
       6
      14
      15
       5
       0
       0
       0
       9
      23
      13
       0
       0
       0
       6
       2
       0
       0
       0
       0
       0
       0
       0
       0
       0
       0
       0
       0
       0
       6
       9
       1
       0
       0
       0
       3
       1
       2
       3
       0
       0
       0
       0
       0
       0
       0
       0
       0
       1
       8
       9
       4
       0
       0
       0
       0
       0
       0
       0
       0
       0
       0
       0
       0
       0
       1
       0
       0
       0
       8
       3
       0
       0
       0
       0
       0
       0
       0
       6
       2
       0
       0
      11
      17
       9
       2
       4
       2
       0
       0
       0
       0
       0
       0
       5
       8
       1
       0
       0
      12
      15
       3
       0
       0
       1
      12
       8
       0
       1
      11
       8
       0
       0
       0
      14
       7
       0
       0
       5
       8
       0
       0
       0
       0
       0
       0
       5
      16
      12
       4
       4
       8
       9
       8
       6
       0
       0
       0
       0
       0
       0
       0
      19
      30
      12
       0
       0
      12
      10
       0
       0
       0
       2
       0
       0
       0
       7
      12
      12
      11
      10
       9
       8
       7
       6
       6
       6
       3
       0
       0
       3
       2
       0
       0
       1
       7
       0
       0
       0
       0
       8
       7
       9
      11
       3
       0
       0
       2
      14
       6
       0
       0
       0
       0
       0
       0
       0
       0
       0
       0
       0
       1
       0
       0
       0
      11
      18
       6
       0
       0
      12
      19
       5
       0
       0
       8
      12
       2
       0
       0
       0
       5
       9
       8
       1
       0
       0
       3
      14
      14
       4
       0
       0
       0
       4
       9
       3
       0
       0
       0
       0
       0
       0
       0
       0
       0
       0
       1
       0
       0
       0
       0
       0
       0
       0
       0
       3
       2
       2
       5
       8
       7
       0
       0
       0
       0
       0
       0
       0
       0
       0
       0
       1
       0
       0
       9
      12
       0
       0
       0
       0
       0
       0
       0
       0
       0
       0
       0
      11
      12
       0
       0
       4
      21
      15
       0
       1
      10
       4
       0
       0
       6
      14
       2
       0
       0
      10
       9
       0
       0
       0
       0
       0
       0
       4
       4
       0
       0
       1
       2
       0
       0
       0
       0
       0
       0
       1
       0
       0
       0
       5
       4
       0
       0
       0
       0
       0
       1
       9
      13
       5
       0
       0
       0
       0
       0
       9
      16
       6
       0
       0
       2
       9
       8
      10
      17
      19
      11
       0
       0
       0
       0
       4
       6
       0
       0
       0
       0
       5
       0
       0
       0
       0
       0
       0
       0
       0
       0
       0
       0
       3
       7
       3
       0
       0
       0
       0
       0
       0
       0
       3
       5
       1
       0
       3
       5
       2
       0
       0
       0
       0
       0
       0
       7
      12
       8
       0
       0
       0
       0
       0
       0
       0
       0
       0
       0
       1
      13
       8
       0
       0
       0
       0
       0
       0
       0
       5
       6
       0
       0
       0
       0
       4
       2
       0
       0
       0
       0
       0
       0
       0
       2
       0
       0
       0
       0
       6
       6
       0
       0
       0
       0
       1
       8
       4
       0
       0
       0
       7
       9
       9
      11
      10
       7
       7
      10
      12
       9
       5
       3
       0
       0
       0
       1
       5
       0
       0
       0
       0
       0
       0
       0
       0
       0
       0
       0
       6
      14
      14
       8
       1
       0
       0
       0
       0
       0
       0
      13
      10
       0
       0
       0
       7
      10
       0
       0
       0
       0
       0
       0
       0
       0
       0
       0
       0
       0
       0
       2
       9
       6
       1
       0
       0
       0
       0
       1
       5
       1
       0
       7
      10
       3
       0
       4
      10
       6
       2
      12
      20
       4
       0
       0
       0
       3
       0
       0
       1
       7
       0
       0
       0
       0
       4
       2
       0
       0
       0
       0
       0
       0
       0
       6
      12
       6
       0
       2
      13
      11
       0
       0
       0
       0
       0
       0
       8
       0
       0
       0
       0
      10
       0
       0
       0
       8
       6
       0
       0
       0
       3
       3
       3
       7
       9
      10
      10
       4
       0
       0
       5
      18
      12
       0
       0
       0
       0
       0
       0
       0
       0
       0
       0
       5
       5
       0
       0
       8
       2
       0
       0
       0
       5
       0
       0
       6
      16
       7
       0
       0
       6
      11
      10
       6
       0
       0
       0
       0
       3
       0
       0
       0
       0
       2
       0
       0
       0
       0
       0
       0
       0
       0
       0
       0
       0
       0
       0
       0
       0
       0
       0
       5
       7
       1
       0
       0
       3
       4
       0
       0
       0
       0
       0
       2
      13
      19
      15
      10
      12
      13
       7
       0
       0
       4
       3
       0
       0
       0
       2
       3
       0
       0
       2
      13
      16
       7
       0
       2
       9
       7
       0
       0
       0
       0
       0
       0
       0
       0
       0
       0
       1
       9
       2
       0
       0
      15
      24
      13
       0
       0
       0
       0
       7
      11
       3
       0
       0
       6
      13
       8
       2
       1
       0
       0
       0
       0
       3
       0
       0
       0
       2
       6
       2
       0
       0
       0
       0
       0
       0
       0
       0
       0
       5
       2
       0
       0
       5
      12
      11
       4
       0
       0
       0
       0
       0
       0
       0
       0
       0
       0
       0
       5
      12
       9
       3
       7
      21
      23
       6
       0
       0
       0
       2
       0
       0
       0
       5
       5
       0
       0
       0
       0
      15
      15
       6
       0
       1
       2
       0
       0
       1
       0
       0
       0
       0
       5
       5
       0
       0
       0
      10
      17
      10
       0
       0
       0
       8
       7
       0
       1
       5
       2
       0
       0
       0
       0
       0
       0
       0
       1
       0
       7
      16
      11
       0
       1
      10
       7
       0
       0
       5
      11
       0
       0
       0
       0
       0
       0
       0
       0
       0
       0
       0
       0
       0
       2
       7
       5
       0
       0
       0
       5
       4
       0
       0
       0
       0
       0
       6
       9
       2
       0
      14
      28
      22
       2
       0
       0
       0
       0
       0
       0
       0
       1
       1
       0
       0
       0
       0
       3
       8
       9
      10
       6
       0
       0
       3
       5
       0
       0
       0
       9
       7
       0
       0
       4
      10
       3
       0
       0
       0
       0
       2
       6
       2
       0
       0
       0
       0
       0
       0
       0
       5
       4
       0
       0
       4
       0
       0
       0
       7
      12
       0
       0
       0
      17
      21
       4
       0
       5
      18
      13
       0
       0
       6
       3
       0
       0
       4
      10
       8
       5
       4
       0
       0
       0
       5
      10
       0
       0
       0
       5
       4
       4
       7
       3
       0
       0
       0
       0
       0
       0
       8
      14
       4
       0
       0
       9
       4
       0
       0
       2
       9
       5
       3
       5
       3
       0
       0
       0
       3
       0
       0
       0
       8
       7
       0
       0
       0
       0
       0
       0
       0
       0
      16
      17
       0
       0
       0
       6
      11
       6
       4
       7
       6
       1
       0
       0
       0
       0
       0
       1
       0
       0
       0
       1
       0
       0
       0
       3
      11
       0
       0
       0
       0
       3
       0
       0
       0
       0
       3
       6
       8
       7
       5
       0
       0
       0
       0
       0
       2
       0
       0
       1
       0
       0
       0
       2
       6
       2
       0
       0
       0
       5
      12
       8
       0
       0
       0
       1
       0
       0
       0
       0
       0
       2
       2
       0
       0
       0
       3
       9
       2
       0
       0
      14
      24
      22
      12
       1
       0
       0
       0
       0
       0
       5
       3
       0
       0
       0
       4
       3
       0
       0
       0
       4
       8
      10
       7
       0
       0
       0
       0
       0
       0
       0
       0
       7
       5
       0
       0
       0
       0
       0
       0
       7
       9
       1
       0
       0
       0
       0
       3
       7
       4
       6
      13
      15
       7
       0
       0
       0
       0
       1
       8
       8
       0
       0
       0
      19
      22
      11
       5
       7
       9
       6
       3
       6
       6
       2
       0
       3
       8
       9
       5
       0
       0
       0
       3
       9
       4
       0
       0
       0
       0
       1
       6
      14
      14
       3
       0
       0
       0
       0
       0
       0
       0
      14
       5
       0
       0
       0
      13
       9
       0
       0
       0
       0
       0
       2
      12
      10
       1
       0
       5
       7
       5
       9
      13
       3
       0
       0
       3
      12
       2
       0
       1
       4
       0
       0
       4
      10
       0
       0
       0
      10
      13
       0
       0
       3
       6
       0
       0
       3
       3
       0
       0
       0
       6
      18
      16
       2
       0
       0
       7
       4
       0
       0
       1
       6
       0
       0
       0
       7
      11
       5
       1
       0
       0
       0
       1
       3
       0
       0
       4
      19
      12
       0
       0
       0
       1
       0
       1
       8
      14
      15
      12
       8
       0
       0
       0
       6
       4
       0
       0
       4
      17
      25
      23
      10
       0
       5
      29
      39
      21
       0
       0
      16
      15
       0
       0
       0
       0
       1
       3
       9
      11
       6
       4
       8
      11
      10
       9
       8
       2
       0
       0
       0
       2
       0
       0
       0
       0
       0
       9
      19
      12
       0
       2
      10
       4
       0
       0
       0
       0
       0
       1
      10
       7
       0
       0
       6
      17
       6
       0
       0
       0
       0
       0
       0
       0
       0
       0
       0
       0
       0
       7
      11
       5
       0
       0
       0
       0
       0
       0
       3
       5
       0
       0
       0
       0
       0
       0
       0
       0
       0
       2
       2
       0
       0
       0
      14
      20
      14
       4
       0
       0
       0
       0
      12
      15
       9
       4
       4
       2
       0
       0
       0
       0
       0
       0
       0
       9
       7
       0
       0
       0
       0
       0
       0
       0
       0
       0
       1
       0
       0
       0
       8
      11
       1
       0
       0
       0
       7
       8
       1
       0
       0
       4
       8
       1
       0
       0
       0
       3
       0
       0
       0
       0
       0
       0
       0
       4
       7
       2
       0
       3
       7
       0
       0
       0
       0
       0
       0
       0
       0
       3
       7
       0
       0
       0
       4
      13
       2
       0
       0
       0
       0
       4
       0
       0
       0
       6
      14
      16
      11
       0
       0
       0
       0
       0
       0
       0
       0
       7
      13
      13
      12
       9
       0
       0
       0
       0
       0
       0
       0
       5
      18
      13
       0
       0
       3
       9
       7
       0
       0
       0
       0
       4
      12
       4
       0
       0
       1
       3
       4
       4
       0
       0
       0
       0
       0
       0
       0
       7
      11
       4
       0
       8
      15
       9
       1
       7
      16
       9
       0
       0
       0
       0
       0
       1
      10
      10
       2
       0
       3
       6
       3
       0
       0
       0
       4
      11
      15
       9
       0
       0
       0
       2
       5
      11
      16
      16
       8
       0
       0
       0
       0
       0
       0
       0
       0
       0
       0
       0
       0
       0
       0
       0
       0
       0
       0
       0
       0
      18
      24
       3
       0
       0
       0
       0
       0
       0
       0
       0
       0
       0
       2
       0
       0
       0
       0
      10
       9
       6
       5
       1
       0
       0
       2
       0
       0
       0
       0
       8
       5
       0
       0
       3
       6
       6
       3
       0
       0
       0
       0
       2
       0
       0
       0
       6
       9
       0
       0
       0
       0
       3
       0
       0
       0
       1
       6
       0
       0
       0
       0
       0
       0
       0
       2
       0
       0
       0
       6
       4
       0
       0
       6
      11
       1
       0
       0
       0
       0
       4
       0
       0
       0
       9
      18
       7
       0
       0
       0
       0
       0
       1
       9
       3
       0
       0
       0
       4
       1
       3
      12
      10
       0
       0
       0
       0
       0
       0
       0
       0
       0
       1
       6
       0
       0
       0
       0
       0
       0
       0
       0
       0
       0
       0
       0
       4
       2
       2
       3
       0
       0
       0
       0
       0
       0
       0
       0
       0
       3
       8
       9
       3
       0
       0
       2
       7
       9
      12
       9
       0
       0
       1
      10
       5
       0
       0
       5
      12
       7
       0
       0
       0
       0
       0
       3
       7
       0
       0
       2
       7
       2
       0
       0
       0
       0
       0
       0
       0
       0
       0
       1
       0
       0
       0
      10
      18
       0
       0
       0
       0
       6
       0
       0
       0
       0
       0
       0
       0
      11
       8
       0
       0
       0
       0
      13
       4
       0
       0
       0
       8
      15
      13
      11
      10
       3
       0
       0
       1
      10
       7
       0
       0
       6
      14
      12
       7
       7
       8
       5
       0
       2
      10
      12
       8
       7
      10
       8
       2
       2
       8
       5
       0
       0
       0
       4
       0
       0
       0
       5
       9
       0
       0
       0
       0
       0
       2
       9
      11
       8
       3
       0
       0
       0
       3
       4
       1
       3
      12
      14
       3
       0
       0
       4
       3
       0
       1
       0
       0
       0
       0
       3
       8
      14
      17
       8
       0
       0
       0
       0
       0
       0
       3
      23
      15
       0
       0
       0
       0
       0
       0
      11
       1
       0
       0
       0
       8
      12
       8
       1
       0
       0
       0
      10
      10
       2
       0
       2
       0
       0
       3
      11
       6
       0
       4
      18
      14
       0
       0
       9
      11
       0
       0
       0
       1
       0
       0
       6
       6
       0
       0
       0
      11
       8
       0
       0
       3
       8
       8
       7
       4
       1
       0
       3
       5
       4
       2
       2
       4
       4
       2
       0
       0
       0
       0
       2
       2
       0
       0
       7
       7
       0
       0
       0
       0
       0
       0
       0
       5
       0
       0
       0
       6
       1
       0
$ROI:
0
$PRESETS:
None
0
0
$ENER_FIT:
0.000000 0.293177
$MCA_CAL:
3
0.000000e+00 2.931770e-01 0.000000e+00 keV
$SHAPE_CAL:
3
6.418442E+000 0.000000E+000 0.000000E+000