$SPEC_ID:
No sample description was entered.
$SPEC_REM:
DET# 1
DETDESC# 1#GB
AP# GammaVision Version 6.01
$DATE_MEA:
01/19/2021 09:42:44
$MEAS_TIM:
86483 87130
$DATA:
0 8191
       0
       0
       0
       0
       0
       0
       0
       0
       0
       0
       0
       0
       0
       0
       0
       0
       0
       0
       0
       0
       0
       0
       0
       0
       0
       0
       0
       0
       0
       0
   26058
   25737
   25295
   25062
   24865
   24713
   24466
   23923
   23700
   23733
   23072
   23138
   22867
   22905
   22576
   22163
   22025
   22030
   21744
   21533
   21416
   21250
   20890
   21138
   20794
   20610
   20887
   20558
   20391
   20001
   20089
   19770
   19843
   19586
   19557
   19245
   19391
   19506
   19309
   19017
   18963
   18852
   18977
   18863
   18805
   18711
   18582
   18298
   18276
   18147
   18013
   18041
   18189
   18051
   17820
   17907
   17757
   17643
   17792
   17752
   17569
   17404
   17322
   17329
   17195
   17144
   17077
   17076
   16949
   16887
   16743
   16597
   16602
   16584
   16825
   16541
   16601
   16373
   16531
   16374
   16357
   16203
   16152
   16139
   16097
   15943
   15988
   16056
   15937
   15911
   15569
   15875
   15699
   15543
   15547
   15588
   15398
   15353
   15529
   15439
   15541
   14995
   15207
   14995
   15110
   15011
   15039
   15095
   15059
   15008
   14917
   14881
   14839
   14758
   14802
   14768
   14911
   14813
   14751
   14785
   14767
   14851
   14572
   14966
   14704
   14666
   14888
   14942
   14925
   14907
   14946
   14800
   15087
   14755
   14760
   14663
   15045
   14863
   14946
   15141
   15157
   15053
   15238
   15312
   15303
   15403
   15322
   15825
   15507
   15747
   15634
   15966
   16200
   15961
   16053
   16300
   16295
   16435
   16548
   16635
   16602
   16511
   17158
   16942
   16996
   17276
   17614
   17495
   17902
   17868
   17915
   18173
   18345
   18369
   18460
   18768
   18785
   18979
   19188
   19303
   19458
   19773
   19732
   20133
   20801
   20513
   20665
   20692
   20615
   20827
   21032
   20997
   21274
   21268
   21413
   21487
   21760
   21973
   22111
   22084
   22313
   22377
   22757
   22645
   22883
   22943
   23436
   23340
   23303
   23997
   23707
   24311
   24225
   24154
   24473
   24736
   24993
   24998
   25311
   25748
   26220
   26464
   26645
   27561
   27780
   28327
   28400
   27822
   28007
   28439
   28707
   29334
   29855
   29404
   29352
   28662
   28307
   27461
   27042
   27033
   26575
   27047
   27011
   26952
   27060
   27172
   27513
   27287
   27269
   27405
   27632
   27566
   27850
   27820
   28284
   28443
   28535
   28424
   28898
   28421
   28722
   28710
   28879
   28914
   29468
   29581
   29693
   29943
   30016
   29969
   29557
   29529
   29353
   29615
   29643
   29467
   29787
   29954
   29901
   29541
   29028
   29818
   29784
   30415
   30222
   30570
   30591
   30543
   30451
   30264
   29733
   29812
   29590
   28995
   28682
   29160
   28896
   29068
   28682
   28916
   28812
   28736
   28742
   29094
   29107
   28422
   29090
   29001
   29209
   29079
   29021
   28604
   28858
   28630
   28661
   28828
   28713
   28774
   28564
   28630
   28723
   28708
   28785
   28868
   28645
   28790
   28644
   28513
   28616
   28755
   28565
   28599
   28420
   28491
   28593
   28411
   28264
   28003
   28092
   28441
   28194
   28248
   28190
   28244
   28024
   28159
   28104
   27919
   27991
   27577
   27931
   27684
   27858
   27969
   27558
   27557
   27552
   27661
   27530
   27637
   27664
   27526
   27510
   27348
   27365
   27265
   27186
   27032
   26962
   27435
   26799
   26831
   26927
   26587
   26896
   26797
   26722
   26422
   26635
   26269
   26623
   26302
   26637
   26447
   26381
   26276
   26132
   26162
   25994
   26099
   26228
   25906
   25958
   25837
   25654
   25789
   25972
   25606
   25825
   25743
   25613
   25615
   25644
   25359
   25665
   25436
   25330
   25572
   25491
   25409
   25446
   25474
   25312
   25136
   24918
   24862
   24636
   24596
   24529
   24866
   24338
   24583
   24165
   24057
   24500
   24139
   24395
   24303
   23909
   23992
   23739
   23611
   23560
   23608
   23558
   23383
   23219
   23390
   23320
   23542
   23224
   23452
   23266
   23090
   23169
   23049
   22975
   22860
   22755
   22722
   22791
   22556
   22604
   22855
   22653
   22268
   22188
   22514
   22271
   22362
   21984
   22033
   22123
   22156
   22072
   21731
   21752
   21639
   21519
   21704
   21186
   21309
   20926
   20802
   21177
   21106
   21275
   21166
   21073
   21124
   20743
   20956
   20668
   20848
   20716
   20645
   20404
   20464
   20417
   20230
   20429
   20678
   20294
   20333
   20057
   20106
   20127
   20098
   19797
   19813
   19643
   19604
   19637
   19473
   19503
   19513
   19275
   19390
   19117
   18953
   19309
   18935
   18897
   18800
   18727
   18841
   18687
   18762
   18691
   18404
   18515
   18488
   18385
   18396
   18507
   18415
   18100
   18548
   18151
   17946
   18132
   17830
   17899
   17681
   17489
   17714
   17632
   17846
   17470
   17360
   17422
   17377
   17242
   17472
   17031
   17274
   17000
   17082
   16852
   16953
   17025
   16895
   16754
   16847
   16797
   16450
   16886
   16645
   16581
   16593
   16575
   16532
   16493
   16323
   16321
   16314
   16162
   16189
   15999
   15918
   16240
   15914
   16010
   16247
   16103
   15715
   15775
   15861
   15647
   15834
   15482
   15448
   15768
   15796
   15655
   15295
   15535
   15383
   15515
   15277
   15630
   15387
   15344
   15197
   15113
   15244
   15222
   15154
   15134
   15560
   15923
   15984
   16454
   16775
   16641
   16487
   16197
   15609
   15365
   14793
   14826
   14476
   14337
   14413
   14256
   14195
   14161
   14311
   14092
   14121
   14123
   14213
   13893
   13928
   14094
   13857
   13801
   13628
   13637
   13843
   13623
   13698
   13810
   13572
   13635
   13457
   13542
   13402
   13568
   13418
   13668
   13386
   13098
   13195
   13343
   13126
   12994
   13054
   12997
   13026
   13060
   13204
   13167
   13142
   13048
   12824
   12837
   12612
   12521
   12823
   12726
   12661
   12370
   12312
   12640
   12475
   12606
   12434
   12398
   12405
   12472
   12342
   12528
   12244
   12335
   12238
   12037
   12203
   12156
   12304
   12283
   12598
   12782
   12895
   12762
   12554
   12472
   12159
   11768
   11728
   11806
   11868
   11708
   11527
   11475
   11710
   11346
   11555
   11414
   11473
   11454
   11326
   11523
   11522
   11386
   11374
   11539
   11368
   11398
   11375
   11242
   11208
   11288
   11098
   11216
   11225
   11267
   11002
   11176
   11233
   11303
   11029
   11012
   10875
   11003
   10852
   10925
   10894
   10967
   10856
   10594
   10894
   10863
   10577
   10784
   10743
   10830
   10718
   10627
   10627
   10532
   10510
   10479
   10533
   10301
   10300
   10199
   10444
   10358
   10245
   10347
   10289
   10048
   10282
   10109
   10084
   10049
   10083
    9981
    9928
    9737
   10067
    9772
    9950
    9761
    9905
    9936
    9882
    9827
    9643
    9656
    9847
    9763
    9669
    9701
    9908
   10048
   10440
   11000
   12517
   14174
   16450
   18533
   19878
   19971
   19020
   17138
   15123
   13032
   11857
   11268
   11076
   10918
   11161
   11164
   11110
   10729
   10303
    9811
    9309
    8851
    8858
    8620
    8414
    8603
    8293
    8329
    8291
    8375
    8275
    8207
    8416
    8203
    8199
    8038
    8121
    8021
    8153
    8006
    8179
    8048
    7939
    7975
    7884
    8136
    8014
    7930
    8060
    7960
    7869
    7930
    7938
    7746
    7817
    7942
    7901
    7810
    7691
    7740
    7586
    7583
    7740
    7649
    7690
    7730
    7592
    7680
    7591
    7464
    7624
    7474
    7444
    7560
    7532
    7587
    7554
    7277
    7368
    7370
    7327
    7218
    7222
    7124
    7194
    7218
    7203
    7142
    7139
    7099
    7208
    7077
    7093
    7069
    6782
    6948
    6949
    6966
    6936
    7094
    6850
    6989
    6860
    6988
    6708
    6731
    6947
    7025
    7049
    7387
    7561
    7740
    7612
    7590
    7549
    7316
    7103
    7129
    6823
    6646
    6689
    6556
    6721
    6570
    6510
    6862
    6584
    6560
    6644
    6464
    6548
    6558
    6501
    6620
    6781
    6706
    6932
    6890
    6817
    6653
    6711
    6593
    6480
    6237
    6339
    6367
    6111
    6124
    6114
    6270
    6202
    6194
    6200
    6154
    6075
    6110
    6043
    6127
    6064
    5938
    5999
    5936
    5909
    5978
    6039
    5870
    6083
    5992
    5911
    5910
    6017
    5902
    5920
    5899
    5886
    5970
    5894
    5834
    5815
    5699
    5799
    5818
    5709
    5773
    5751
    5839
    5639
    5663
    5651
    5621
    5781
    5960
    6248
    6619
    7454
    8336
    8938
    9591
    9721
    9620
    8640
    7692
    7011
    6283
    5797
    5575
    5426
    5487
    5382
    5555
    5469
    5692
    5833
    5889
    6024
    5850
    5715
    5783
    5461
    5386
    5210
    5223
    5213
    5153
    5111
    5210
    5144
    5307
    5053
    5120
    4942
    5211
    5022
    5185
    4944
    4948
    5052
    4973
    4995
    4961
    4878
    4917
    4856
    4954
    4896
    4815
    4819
    4752
    4894
    4822
    4813
    4921
    4907
    4892
    4814
    4745
    4711
    4834
    4913
    4735
    4761
    4750
    4691
    4767
    4636
    4861
    4822
    4794
    4807
    4695
    4696
    4597
    4583
    4774
    4563
    4737
    4713
    4588
    4685
    4618
    4688
    4644
    4514
    4652
    4545
    4499
    4663
    4722
    4737
    4618
    4693
    4658
    4649
    4617
    4587
    4581
    4473
    4492
    4527
    4463
    4568
    4520
    4483
    4554
    4626
    4641
    4779
    4892
    4928
    4938
    5174
    4906
    4868
    4674
    4572
    4537
    4510
    4417
    4350
    4481
    4252
    4376
    4386
    4341
    4429
    4370
    4367
    4311
    4390
    4402
    4181
    4272
    4283
    4263
    4236
    4204
    4089
    4214
    4489
    4544
    4777
    5150
    5628
    6161
    6227
    6375
    6140
    5818
    5466
    4923
    4552
    4387
    4233
    4106
    4127
    4172
    3960
    4056
    4079
    3938
    3963
    3926
    3941
    3956
    4047
    3943
    4094
    3951
    3801
    3920
    4037
    3971
    3925
    3924
    3922
    3878
    3892
    3848
    3868
    3943
    3898
    4068
    3917
    4130
    4296
    4713
    5543
    6770
    8256
    9688
   10981
   11539
   11137
   10102
    8594
    7142
    5736
    4835
    4305
    3790
    3651
    3705
    3538
    3649
    3567
    3736
    3684
    3552
    3637
    3482
    3574
    3575
    3564
    3591
    3525
    3547
    3493
    3556
    3528
    3481
    3399
    3537
    3481
    3400
    3416
    3600
    3451
    3357
    3409
    3372
    3450
    3478
    3387
    3536
    3426
    3374
    3418
    3415
    3493
    3401
    3468
    3435
    3329
    3407
    3427
    3270
    3377
    3342
    3456
    3363
    3315
    3377
    3329
    3235
    3382
    3362
    3269
    3343
    3336
    3243
    3291
    3325
    3280
    3320
    3268
    3344
    3171
    3310
    3351
    3257
    3344
    3190
    3329
    3190
    3334
    3284
    3134
    3193
    3249
    3244
    3358
    3305
    3199
    3156
    3227
    3233
    3304
    3239
    3221
    3178
    3154
    3063
    3296
    3100
    3267
    3132
    3222
    3150
    3167
    3145
    3138
    3056
    3194
    3251
    3040
    3221
    3207
    3124
    3310
    3234
    3172
    3261
    3226
    3255
    3304
    3252
    3179
    3228
    3146
    3188
    3210
    3074
    3178
    3128
    3109
    3115
    3021
    3051
    3153
    3112
    3001
    3100
    3067
    3097
    3065
    3031
    2975
    3181
    2886
    3041
    3038
    3151
    3013
    3118
    2948
    3079
    3047
    2957
    3036
    2905
    2955
    3002
    2972
    2997
    2995
    3023
    2960
    3004
    3157
    3009
    2974
    2957
    3067
    3088
    2917
    3049
    3065
    2880
    2991
    2923
    2901
    3007
    2928
    2870
    2920
    2954
    2889
    2929
    2940
    2784
    2938
    2941
    2900
    2916
    3000
    3027
    3181
    3092
    3242
    3134
    3030
    3057
    2969
    2864
    2812
    2849
    2871
    2805
    2775
    2825
    2830
    2766
    2807
    2713
    2758
    2741
    2682
    2848
    2791
    2727
    2820
    2787
    2770
    2761
    2723
    2705
    2735
    2696
    2666
    2808
    2742
    2791
    2682
    2681
    2702
    2692
    2662
    2798
    2701
    2700
    2683
    2780
    2656
    2636
    2633
    2665
    2726
    2643
    2683
    2722
    2745
    2656
    2604
    2630
    2628
    2643
    2677
    2594
    2654
    2694
    2553
    2613
    2657
    2591
    2622
    2537
    2530
    2619
    2616
    2551
    2577
    2490
    2480
    2559
    2449
    2567
    2604
    2576
    2501
    2406
    2606
    2465
    2475
    2557
    2502
    2439
    2554
    2503
    2544
    2405
    2520
    2531
    2458
    2481
    2502
    2647
    2745
    2684
    2725
    2667
    2584
    2607
    2517
    2494
    2488
    2515
    2497
    2422
    2452
    2440
    2358
    2403
    2460
    2429
    2385
    2471
    2439
    2387
    2353
    2393
    2352
    2480
    2472
    2399
    2448
    2405
    2371
    2335
    2497
    2382
    2366
    2352
    2281
    2418
    2321
    2405
    2351
    2350
    2352
    2332
    2434
    2439
    2323
    2498
    2425
    2424
    2413
    2381
    2390
    2456
    2411
    2400
    2433
    2417
    2334
    2345
    2333
    2356
    2364
    2261
    2256
    2206
    2256
    2289
    2262
    2261
    2250
    2233
    2376
    2326
    2281
    2266
    2353
    2295
    2384
    2456
    2591
    2649
    2804
    2968
    3047
    2868
    2791
    2665
    2574
    2471
    2301
    2274
    2263
    2237
    2175
    2243
    2218
    2250
    2229
    2285
    2327
    2199
    2150
    2219
    2152
    2213
    2209
    2246
    2173
    2251
    2208
    2115
    2244
    2110
    2172
    2203
    2266
    2242
    2055
    2112
    2262
    2093
    2201
    2085
    2153
    2113
    2079
    2248
    2200
    2183
    2120
    2193
    2163
    2115
    2163
    2192
    2132
    2280
    2167
    2188
    2240
    2230
    2144
    2139
    2214
    2171
    2134
    2109
    2104
    2183
    2085
    2043
    2082
    2000
    2068
    2066
    2027
    2002
    2105
    2039
    2131
    2132
    2039
    2141
    2193
    2161
    2175
    2102
    2076
    2157
    2090
    1984
    2113
    2100
    2025
    2082
    2034
    2006
    2135
    2095
    2064
    2039
    2190
    2011
    2067
    2073
    2047
    1902
    2080
    1987
    2133
    1950
    2017
    1981
    2008
    2042
    2076
    2057
    2012
    2001
    1987
    2038
    1919
    2068
    1949
    1999
    1966
    1949
    1987
    2013
    1944
    2024
    1904
    1962
    2046
    1921
    2021
    2002
    1914
    2000
    1894
    2027
    2009
    2051
    2016
    2029
    1971
    1991
    1961
    1990
    1951
    2044
    1902
    1907
    1988
    1990
    2039
    2097
    2125
    2231
    2396
    2635
    2916
    3180
    3492
    3713
    3968
    4053
    3926
    3767
    3448
    3087
    2745
    2545
    2264
    2237
    2099
    2073
    1988
    1972
    1868
    1870
    1929
    1892
    1906
    1887
    1856
    1940
    1869
    1872
    1925
    1884
    1866
    1821
    1820
    1857
    1824
    1937
    1812
    1813
    1942
    1865
    1828
    1770
    1851
    1885
    1876
    1828
    1823
    1842
    1819
    1708
    1824
    1810
    1879
    1736
    1889
    1920
    1789
    1774
    1908
    1857
    1770
    1862
    1797
    1796
    1817
    1762
    1811
    1862
    1875
    1780
    1873
    1805
    1854
    1784
    1790
    1830
    1775
    1741
    1837
    1739
    1798
    1857
    1835
    1861
    1763
    1844
    1885
    1827
    1791
    1754
    1795
    1844
    1819
    1818
    1770
    1829
    1751
    1786
    1761
    1760
    1700
    1759
    1654
    1750
    1738
    1727
    1815
    1767
    1751
    1798
    1767
    1695
    1707
    1752
    1749
    1751
    1774
    1751
    1740
    1674
    1699
    1767
    1802
    1744
    1756
    1808
    1814
    1766
    1851
    1764
    1703
    1806
    1773
    1706
    1788
    1737
    1713
    1672
    1770
    1789
    1716
    1669
    1748
    1737
    1669
    1660
    1657
    1736
    1720
    1678
    1717
    1661
    1685
    1704
    1687
    1701
    1771
    1693
    1707
    1607
    1646
    1681
    1663
    1629
    1755
    1697
    1690
    1649
    1753
    1646
    1693
    1726
    1701
    1580
    1678
    1712
    1755
    1764
    1704
    1787
    1836
    1831
    1823
    1752
    1756
    1724
    1691
    1710
    1676
    1728
    1590
    1647
    1636
    1697
    1723
    1653
    1692
    1701
    1656
    1718
    1654
    1633
    1644
    1640
    1674
    1578
    1616
    1635
    1583
    1659
    1653
    1633
    1663
    1637
    1667
    1652
    1706
    1663
    1656
    1644
    1624
    1642
    1596
    1582
    1648
    1645
    1579
    1636
    1614
    1578
    1624
    1552
    1644
    1593
    1625
    1640
    1629
    1644
    1575
    1619
    1668
    1696
    1723
    1781
    1882
    2101
    2572
    3061
    3849
    4736
    5507
    5974
    6157
    6026
    5430
    4483
    3570
    2847
    2235
    2006
    1725
    1586
    1566
    1607
    1534
    1521
    1640
    1558
    1473
    1580
    1560
    1506
    1540
    1556
    1496
    1504
    1508
    1481
    1579
    1520
    1508
    1495
    1455
    1535
    1463
    1441
    1467
    1537
    1478
    1499
    1521
    1532
    1468
    1550
    1501
    1420
    1542
    1487
    1524
    1461
    1539
    1545
    1537
    1478
    1506
    1517
    1515
    1515
    1489
    1517
    1523
    1461
    1555
    1504
    1439
    1537
    1487
    1531
    1464
    1590
    1489
    1505
    1465
    1542
    1503
    1488
    1473
    1458
    1431
    1492
    1522
    1533
    1514
    1803
    2227
    2760
    3650
    4814
    6008
    7376
    8182
    8681
    7895
    7040
    5865
    4600
    3584
    2664
    2105
    1725
    1500
    1419
    1385
    1458
    1388
    1334
    1363
    1325
    1325
    1345
    1384
    1359
    1404
    1446
    1428
    1404
    1363
    1422
    1385
    1376
    1293
    1380
    1369
    1372
    1336
    1358
    1235
    1324
    1394
    1403
    1427
    1381
    1397
    1395
    1433
    1360
    1336
    1350
    1404
    1292
    1356
    1333
    1303
    1358
    1304
    1358
    1292
    1347
    1333
    1327
    1330
    1358
    1423
    1368
    1438
    1368
    1353
    1300
    1399
    1391
    1328
    1343
    1354
    1342
    1351
    1332
    1363
    1331
    1326
    1319
    1400
    1345
    1398
    1321
    1346
    1352
    1284
    1300
    1286
    1370
    1411
    1249
    1338
    1264
    1314
    1356
    1300
    1282
    1207
    1344
    1309
    1321
    1363
    1288
    1238
    1312
    1367
    1276
    1311
    1333
    1224
    1322
    1312
    1306
    1336
    1284
    1319
    1338
    1274
    1306
    1265
    1347
    1222
    1272
    1311
    1297
    1292
    1278
    1308
    1320
    1214
    1310
    1278
    1244
    1383
    1281
    1287
    1344
    1316
    1358
    1310
    1329
    1314
    1334
    1306
    1307
    1271
    1335
    1299
    1259
    1289
    1306
    1238
    1250
    1315
    1298
    1293
    1293
    1309
    1288
    1350
    1271
    1232
    1300
    1295
    1288
    1255
    1290
    1228
    1258
    1264
    1306
    1268
    1317
    1344
    1327
    1325
    1363
    1323
    1351
    1392
    1316
    1381
    1251
    1322
    1305
    1307
    1315
    1352
    1420
    1353
    1521
    1422
    1469
    1407
    1436
    1398
    1406
    1402
    1283
    1258
    1301
    1238
    1255
    1288
    1200
    1268
    1274
    1280
    1243
    1223
    1239
    1254
    1291
    1303
    1258
    1219
    1294
    1247
    1252
    1297
    1189
    1268
    1212
    1228
    1277
    1288
    1264
    1184
    1263
    1308
    1266
    1282
    1235
    1244
    1265
    1228
    1217
    1173
    1236
    1260
    1214
    1217
    1165
    1203
    1272
    1215
    1266
    1249
    1215
    1250
    1249
    1244
    1260
    1245
    1200
    1198
    1221
    1244
    1220
    1292
    1184
    1174
    1206
    1193
    1196
    1269
    1238
    1203
    1173
    1242
    1273
    1234
    1296
    1274
    1211
    1168
    1252
    1239
    1223
    1234
    1243
    1186
    1252
    1230
    1140
    1179
    1111
    1208
    1215
    1173
    1151
    1162
    1201
    1190
    1175
    1207
    1141
    1198
    1173
    1178
    1222
    1213
    1201
    1224
    1235
    1161
    1235
    1216
    1179
    1217
    1209
    1174
    1177
    1235
    1259
    1198
    1348
    1248
    1251
    1285
    1302
    1271
    1190
    1222
    1245
    1238
    1210
    1197
    1227
    1178
    1258
    1216
    1186
    1232
    1167
    1236
    1222
    1199
    1214
    1210
    1167
    1164
    1199
    1223
    1170
    1131
    1207
    1203
    1130
    1157
    1199
    1233
    1189
    1141
    1139
    1082
    1129
    1144
    1165
    1126
    1163
    1140
    1181
    1126
    1162
    1170
    1165
    1191
    1118
    1184
    1133
    1214
    1183
    1187
    1168
    1168
    1210
    1204
    1209
    1152
    1190
    1178
    1153
    1112
    1142
    1171
    1156
    1143
    1194
    1155
    1111
    1182
    1170
    1136
    1120
    1208
    1326
    1391
    1553
    1736
    1862
    2008
    2099
    2072
    1992
    1823
    1629
    1434
    1410
    1287
    1193
    1131
    1066
    1083
    1118
    1087
    1118
    1101
    1117
    1126
    1004
    1100
    1098
    1113
    1144
    1132
    1104
    1089
    1094
    1053
    1095
    1039
    1121
    1091
    1097
    1154
    1149
    1097
    1064
    1135
    1084
    1142
    1075
    1129
    1113
    1077
    1053
    1118
    1146
    1103
    1127
    1180
    1119
    1181
    1175
    1161
    1176
    1122
    1173
    1144
    1129
    1134
    1136
    1066
    1012
    1099
    1053
    1063
    1162
    1051
    1098
    1032
    1078
    1093
    1090
    1109
    1087
    1112
    1073
    1084
    1083
    1078
    1067
    1034
    1069
    1082
    1028
    1078
    1122
    1054
    1063
    1115
    1070
    1143
    1169
    1096
    1226
    1197
    1195
    1159
    1172
    1156
    1124
    1131
    1128
    1062
    1100
    1080
    1087
    1030
    1083
    1067
    1109
    1042
    1071
     994
    1055
    1046
    1111
    1130
    1091
    1031
    1173
    1119
    1185
    1139
    1131
    1139
    1097
    1136
    1072
    1101
    1108
    1150
    1069
    1145
    1217
    1298
    1412
    1572
    1576
    1662
    1692
    1662
    1653
    1522
    1400
    1303
    1255
    1120
    1170
    1116
    1167
    1208
    1197
    1187
    1214
    1229
    1176
    1161
    1118
    1087
    1116
     990
    1050
    1022
    1013
    1044
    1000
    1041
     994
     977
     991
    1044
     984
    1011
     971
    1018
    1032
    1038
     970
    1062
     997
    1033
     999
    1067
    1035
    1061
    1087
    1126
    1061
    1094
    1068
    1053
    1092
    1108
    1077
    1106
    1186
    1197
    1244
    1287
    1284
    1241
    1277
    1162
    1079
    1059
    1096
    1002
     994
    1026
     933
     932
     999
     951
    1022
     949
     963
    1000
     973
    1003
     991
     992
     952
     977
    1073
    1035
    1109
    1231
    1366
    1424
    1540
    1542
    1464
    1370
    1339
    1241
    1173
    1122
     954
    1051
    1040
     970
     926
     925
     924
     982
    1023
     937
     978
     961
     960
     940
     980
    1000
     925
    1014
     944
     948
     967
     965
     965
    1005
     916
     940
    1014
     940
    1085
    1067
    1077
    1107
    1090
    1109
    1129
    1042
    1006
    1008
     986
     944
    1012
     925
     947
     942
     882
     936
     941
     967
     982
     881
     934
     978
     938
     921
     894
     940
     903
    1004
     983
     939
     995
     955
     893
     958
     932
     925
     973
     896
     912
     964
     935
     885
     964
     979
     938
    1026
     926
     959
     963
     918
     948
    1012
     995
     973
     976
     893
     999
     928
     973
     957
     957
     941
     899
     904
     967
     927
     973
     919
     930
     978
     941
     942
     979
    1013
     992
     914
     993
     905
     946
     896
    1002
    1019
     985
     963
    1010
     999
     999
    1023
    1038
     989
     987
     913
     944
     950
     907
     944
     993
    1019
    1023
    1056
    1133
    1105
    1109
    1110
    1139
    1020
    1015
    1017
    1003
     984
    1041
     961
     876
    1011
    1062
    1024
    1052
    1079
    1025
    1091
     988
     963
     961
     930
     920
     944
     903
     888
     913
     956
     887
     935
     895
     903
     867
     924
     879
     923
     934
     939
     957
     884
     927
     920
     905
     889
     895
     929
     889
     908
     894
     867
     905
     890
     903
     899
     931
     959
     892
     898
     925
     949
     947
     886
     948
     862
     914
     936
     886
     887
     899
     872
     867
     922
     892
     892
     880
     946
     978
     954
     994
    1051
    1049
    1234
    1281
    1440
    1434
    1446
    1436
    1405
    1242
    1193
    1150
    1035
     942
     874
     948
     885
     899
     882
     859
     923
     932
     899
     870
     879
     847
     891
     901
     839
     911
     893
     891
     954
     905
     884
     949
     887
     867
     912
     890
     914
     909
     860
     865
     876
     862
     844
     906
     922
     910
     922
     918
     894
     920
     885
     822
     938
     950
     900
     868
     884
     948
     914
     944
     887
     859
     913
     775
     813
     906
     906
     929
     861
     913
     844
     824
     860
     923
     887
     821
     850
     853
     887
     908
     902
     874
     890
     899
     901
     882
     866
     900
     867
     917
     925
     889
     861
     909
     934
     897
     847
     880
     877
     918
     874
     937
     868
     873
     891
     881
     884
     881
     935
     882
     881
     959
     872
     963
     901
     912
     858
     852
     899
     902
     879
     839
     884
     881
     900
     902
     865
     897
     865
     849
     844
     863
     866
     846
     858
     928
     898
     851
     808
     907
     881
     889
     841
     857
     860
     906
     932
     949
     961
    1009
     935
     963
     944
     907
     925
     924
     902
     906
     873
     852
     882
     856
     856
     912
     919
     945
     990
    1206
    1400
    1708
    2219
    2744
    3165
    3549
    3855
    3883
    3607
    3303
    2832
    2301
    1875
    1438
    1178
    1019
     900
     903
     856
     861
     800
     783
     822
     900
     860
     854
     835
     834
     883
     858
     867
     816
     824
     840
     813
     843
     852
     809
     905
     826
     761
     819
     811
     831
     838
     855
     825
     818
     826
     822
     794
     842
     797
     849
     807
     776
     837
     824
     797
     874
     872
     849
     852
     846
     821
     824
     805
     867
     878
     824
     850
     871
     837
     825
     871
     839
     870
     885
     900
     923
     985
    1039
    1123
    1150
    1251
    1244
    1139
    1124
    1055
     939
     848
     925
     838
     868
     838
     820
     828
     836
     849
     835
     806
     808
     782
     838
     796
     800
     837
     778
     794
     784
     879
     819
     844
     850
     829
     870
     827
     830
     838
     845
     888
     827
     882
     890
     855
     919
     820
     828
     781
     861
     866
     871
     884
     945
     920
     939
     962
     984
     944
     943
     967
     961
     930
     929
     926
     894
     905
     838
     883
     877
     766
     835
     866
     802
     830
     771
     806
     860
     776
     827
     890
     833
     834
     807
     839
     842
     812
     923
     824
     796
     836
     871
     825
     801
     781
     762
     784
     842
     818
     816
     820
     870
     872
     967
     998
    1024
    1226
    1288
    1393
    1414
    1452
    1324
    1248
    1118
    1094
    1065
    1112
    1228
    1400
    1703
    1819
    2173
    2468
    2565
    2461
    2451
    2258
    1967
    1639
    1410
    1157
     991
     870
     794
     752
     808
     810
     783
     774
     767
     799
     810
     760
     754
     793
     772
     759
     766
     758
     767
     798
     771
     811
     720
     767
     749
     779
     719
     791
     811
     850
     797
     774
     776
     776
     785
     771
     814
     743
     774
     770
     770
     833
     747
     702
     730
     730
     765
     717
     791
     782
     771
     761
     766
     779
     769
     766
     801
     795
     766
     781
     790
     771
     807
     787
     712
     778
     807
     746
     749
     749
     786
     796
     798
     750
     711
     783
     744
     809
     758
     694
     753
     748
     738
     766
     782
     760
     759
     743
     729
     793
     782
     790
     726
     753
     806
     771
     842
     782
     812
     874
     846
     911
     916
     869
     860
     851
     813
     842
     799
     781
     799
     747
     761
     817
     787
     728
     724
     720
     798
     739
     666
     730
     778
     736
     768
     755
     801
     724
     825
     735
     802
     771
     736
     753
     774
     712
     750
     726
     762
     781
     679
     732
     816
     761
     762
     743
     765
     710
     739
     712
     769
     776
     746
     738
     744
     760
     755
     760
     750
     754
     737
     767
     743
     772
     749
     740
     716
     771
     770
     739
     746
     758
     765
     745
     757
     724
     750
     747
     775
     799
     763
     747
     731
     779
     764
     691
     752
     739
     777
     723
     719
     722
     770
     781
     755
     740
     729
     720
     790
     729
     775
     748
     740
     724
     688
     731
     793
     740
     767
     783
     773
     742
     686
     766
     769
     832
     759
     742
     775
     748
     715
     754
     724
     760
     746
     721
     752
     726
     716
     745
     761
     746
     784
     729
     739
     730
     749
     783
     714
     739
     724
     764
     703
     735
     687
     746
     774
     759
     722
     741
     739
     725
     736
     712
     740
     715
     715
     732
     734
     734
     701
     726
     702
     731
     732
     762
     746
     731
     733
     755
     744
     746
     770
     759
     798
     750
     821
     756
     758
     769
     750
     719
     790
     740
     726
     741
     750
     745
     791
     708
     737
     720
     798
     718
     695
     735
     712
     716
     697
     707
     759
     779
     708
     706
     742
     720
     703
     741
     727
     760
     770
     677
     753
     733
     699
     720
     738
     719
     747
     734
     729
     733
     799
     711
     740
     748
     756
     671
     704
     734
     745
     704
     785
     737
     747
     688
     779
     707
     716
     773
     771
     741
     752
     744
     665
     730
     755
     730
     751
     762
     759
     743
     681
     748
     816
     790
     737
     803
     738
     754
     755
     731
     780
     768
     767
     806
     804
     820
     776
     739
     754
     781
     765
     751
     780
     784
     729
     749
     781
     793
     720
     784
     767
     774
     713
     701
     759
     753
     754
     730
     762
     736
     703
     720
     742
     777
     741
     762
     764
     757
     732
     718
     741
     769
     718
     767
     711
     752
     752
     758
     730
     739
     763
     715
     752
     736
     759
     747
     800
     779
     725
     733
     778
     792
     722
     771
     776
     770
     779
     758
     746
     761
     745
     771
     720
     725
     761
     758
     749
     710
     747
     729
     732
     747
     775
     759
     737
     775
     782
     740
     769
     798
     793
     725
     727
     780
     759
     762
     766
     788
     777
     768
     717
     795
     773
     800
     803
     705
     750
     770
     743
     755
     795
     762
     730
     813
     790
     780
     773
     774
     693
     814
     749
     746
     775
     743
     751
     734
     780
     755
     753
     736
     803
     773
     753
     765
     769
     779
     770
     808
     860
     960
    1109
    1308
    1467
    1805
    2018
    2250
    2381
    2356
    2300
    2110
    1840
    1595
    1319
    1122
     991
     822
     793
     748
     771
     739
     779
     684
     737
     763
     698
     706
     753
     708
     732
     771
     691
     712
     734
     717
     688
     802
     726
     712
     681
     758
     794
     679
     770
     743
     722
     764
     755
     739
     717
     727
     754
     770
     737
     749
     759
     733
     743
     776
     745
     775
     726
     702
     760
     722
     721
     740
     709
     760
     721
     769
     753
     732
     761
     717
     708
     740
     751
     718
     756
     765
     792
     686
     702
     714
     759
     762
     806
     702
     777
     712
     714
     735
     734
     690
     796
     704
     748
     792
     759
     708
     733
     738
     718
     699
     727
     713
     767
     735
     694
     782
     755
     737
     727
     739
     757
     740
     752
     817
     765
     786
     756
     867
     892
     870
     864
     957
     943
     902
     934
     820
     859
     803
     789
     752
     781
     745
     812
     722
     746
     729
     754
     788
     753
     728
     760
     747
     762
     768
     762
     709
     770
     742
     744
     728
     763
     757
     736
     745
     783
     747
     752
     749
     739
     702
     755
     676
     731
     753
     758
     757
     704
     774
     763
     762
     730
     828
     770
     853
    1030
    1221
    1491
    1786
    2238
    2695
    2990
    3512
    3661
    3595
    3454
    3145
    2590
    2106
    1709
    1439
    1116
    1008
     837
     865
     740
     686
     768
     745
     723
     775
     711
     752
     755
     781
     720
     752
     779
     717
     734
     736
     748
     770
     823
     771
     810
     718
     752
     746
     762
     824
     741
     714
     745
     737
     754
     689
     731
     771
     743
     783
     701
     734
     769
     784
     782
     747
     762
     802
     752
     716
     766
     746
     785
     800
     705
     811
     747
     763
     728
     748
     791
     735
     776
     753
     735
     813
     776
     749
     760
     751
     783
     726
     827
     732
     749
     753
     710
     737
     778
     677
     736
     752
     769
     788
     744
     826
     776
     793
     765
     759
     752
     761
     718
     747
     795
     767
     775
     761
     745
     769
     737
     698
     765
     752
     807
     776
     775
     790
     821
     836
     806
     784
     837
     786
     843
     856
     773
     821
     774
     747
     744
     786
     798
     754
     792
     761
     766
     799
     740
     754
     787
     818
     763
     758
     790
     738
     789
     779
     773
     759
     764
     774
     766
     747
     811
     783
     844
     753
     787
     753
     784
     783
     794
     799
     750
     782
     778
     818
     798
     773
     820
     775
     817
     760
     777
     813
     848
     764
     729
     798
     820
     822
     828
     790
     742
     737
     754
     788
     769
     736
     741
     776
     833
     800
     804
     806
     785
     778
     810
     816
     807
     732
     808
     788
     793
     793
     810
     825
     787
     803
     819
     777
     805
     776
     789
     820
     838
     932
     946
    1030
    1058
    1172
    1182
    1348
    1321
    1322
    1288
    1290
    1147
    1026
     944
     904
     848
     767
     786
     725
     737
     778
     711
     724
     671
     670
     732
     660
     720
     670
     670
     671
     650
     694
     692
     612
     646
     645
     674
     701
     620
     670
     639
     624
     599
     620
     596
     605
     601
     581
     571
     565
     605
     585
     605
     581
     562
     609
     581
     573
     610
     555
     600
     599
     563
     574
     572
     591
     577
     567
     599
     543
     584
     530
     538
     524
     530
     523
     603
     487
     560
     519
     559
     527
     548
     537
     510
     537
     538
     564
     522
     527
     546
     502
     522
     562
     546
     557
     532
     538
     511
     537
     509
     545
     545
     524
     553
     578
     504
     534
     511
     532
     538
     535
     553
     532
     519
     524
     512
     531
     524
     490
     532
     540
     561
     517
     549
     535
     510
     524
     485
     491
     513
     527
     530
     537
     520
     489
     485
     527
     489
     526
     549
     523
     526
     523
     511
     523
     530
     609
     542
     571
     633
     608
     629
     675
     657
     624
     615
     519
     560
     544
     547
     566
     476
     459
     518
     464
     468
     456
     517
     498
     510
     499
     507
     471
     461
     507
     517
     472
     488
     481
     485
     504
     461
     446
     479
     497
     476
     456
     468
     473
     464
     481
     476
     438
     454
     453
     443
     494
     467
     454
     444
     451
     456
     479
     439
     489
     450
     488
     471
     476
     474
     419
     489
     467
     449
     446
     462
     432
     443
     448
     425
     453
     457
     471
     457
     491
     432
     415
     430
     429
     455
     484
     426
     450
     440
     442
     450
     412
     448
     466
     462
     400
     418
     422
     442
     447
     457
     421
     416
     444
     395
     445
     404
     427
     448
     395
     409
     443
     442
     445
     403
     402
     408
     414
     405
     401
     405
     388
     435
     398
     424
     418
     401
     415
     412
     407
     405
     407
     444
     407
     426
     425
     437
     404
     409
     460
     363
     429
     387
     403
     449
     383
     378
     390
     395
     393
     377
     427
     385
     404
     418
     406
     356
     392
     371
     374
     396
     391
     389
     399
     362
     415
     368
     378
     363
     402
     464
     492
     547
     679
     840
    1038
    1420
    1775
    2202
    2512
    2729
    2966
    2968
    2719
    2511
    2131
    1736
    1448
    1067
     838
     626
     486
     472
     423
     367
     348
     398
     357
     354
     331
     357
     346
     351
     324
     339
     317
     338
     324
     316
     308
     326
     337
     348
     344
     320
     328
     316
     313
     285
     368
     303
     341
     312
     368
     350
     286
     370
     322
     307
     322
     343
     285
     299
     312
     297
     302
     292
     309
     315
     329
     320
     320
     290
     291
     336
     317
     270
     298
     276
     298
     299
     294
     306
     294
     291
     331
     329
     295
     291
     308
     279
     298
     308
     313
     309
     319
     331
     314
     281
     304
     299
     303
     281
     304
     260
     313
     320
     287
     275
     287
     279
     298
     283
     300
     266
     309
     293
     266
     282
     302
     325
     276
     243
     297
     267
     284
     265
     287
     288
     278
     283
     313
     286
     267
     287
     276
     299
     291
     259
     277
     274
     281
     255
     267
     295
     260
     276
     272
     261
     254
     294
     261
     260
     268
     282
     298
     294
     316
     317
     322
     356
     418
     460
     539
     594
     582
     578
     605
     595
     589
     544
     471
     407
     386
     302
     284
     271
     263
     249
     290
     285
     249
     272
     250
     251
     267
     256
     246
     289
     303
     328
     337
     337
     331
     318
     307
     317
     287
     270
     257
     248
     248
     254
     229
     245
     228
     250
     250
     251
     238
     255
     261
     253
     243
     246
     250
     273
     214
     262
     249
     233
     268
     262
     251
     262
     270
     262
     241
     251
     251
     257
     249
     262
     235
     261
     236
     230
     275
     239
     271
     262
     240
     305
     317
     322
     345
     373
     371
     398
     364
     372
     363
     308
     272
     277
     274
     264
     256
     258
     250
     276
     284
     276
     313
     335
     346
     372
     440
     497
     454
     462
     469
     486
     401
     363
     347
     307
     278
     235
     256
     247
     267
     269
     225
     251
     231
     253
     222
     222
     226
     235
     229
     236
     264
     232
     243
     234
     193
     270
     217
     209
     229
     245
     220
     241
     249
     222
     214
     223
     236
     217
     218
     229
     229
     259
     240
     229
     240
     225
     230
     258
     200
     221
     245
     218
     218
     229
     246
     199
     227
     233
     226
     232
     197
     214
     240
     232
     204
     197
     216
     221
     221
     264
     219
     226
     218
     220
     233
     212
     232
     208
     220
     229
     225
     203
     212
     231
     210
     201
     228
     211
     225
     197
     243
     205
     220
     230
     227
     225
     204
     230
     250
     230
     216
     220
     201
     217
     210
     232
     221
     228
     228
     232
     228
     229
     229
     210
     238
     236
     224
     227
     218
     226
     191
     222
     208
     199
     216
     218
     216
     213
     225
     203
     209
     227
     237
     236
     244
     243
     230
     200
     220
     211
     239
     221
     217
     206
     226
     191
     228
     244
     233
     186
     226
     225
     233
     235
     235
     245
     210
     223
     258
     235
     252
     258
     317
     323
     435
     599
     940
    1490
    2260
    3532
    5083
    7073
   10012
   12409
   15460
   17624
   18900
   19533
   19058
   17230
   15166
   12185
    9333
    6983
    4807
    3001
    1897
    1160
     688
     405
     254
     205
     148
     139
     111
     128
     121
     130
     129
     115
     126
     122
     102
     110
     140
     123
     129
     105
     143
     106
     124
     120
     123
     126
     116
     121
     141
     129
     105
     120
     107
     129
      96
      99
     114
      94
     126
     119
     132
     113
     120
     107
     119
     108
     137
     137
     130
     134
     131
     118
     130
     112
     126
     129
     114
     118
     139
     117
     101
     114
     120
     114
     107
     104
     134
     136
     108
     109
     129
     125
     130
     117
     131
      99
     126
     116
     116
     121
     135
     129
     125
     117
     125
     134
     129
     138
     113
     126
      91
     130
     122
     107
     125
     123
     124
     128
     109
     128
     134
     139
     134
     135
     156
     159
     186
     212
     200
     202
     179
     182
     155
     171
     146
     145
     142
     130
     114
     122
     148
     131
     129
     156
     142
     145
     179
     148
     130
     162
     170
     160
     130
     134
     144
     108
     142
     120
     126
     130
     128
     101
     122
     137
     140
     152
     146
     169
     198
     206
     247
     269
     300
     268
     300
     259
     270
     252
     241
     219
     183
     176
     177
     154
     145
     162
     140
     149
     149
     120
     147
     121
     117
     119
     136
     125
     111
     116
     129
     119
     111
     135
     123
     121
     113
     105
     118
     122
     113
     110
     103
     115
     107
     113
     121
     120
     117
     101
     106
     111
     119
     102
     108
     123
     141
     121
     128
     118
     121
     103
     104
     128
     120
     103
     113
     127
     110
     118
     116
     136
     110
     135
     126
     125
     142
     130
     102
      91
     127
     110
      97
     128
      97
     110
     123
     127
     119
     118
     120
     123
     127
     104
     122
     110
     127
     102
     110
     125
     108
     146
     141
     156
     147
     148
     138
     173
     150
     138
     123
     116
     116
     120
     130
     105
     118
     138
     122
     120
     147
     125
     131
     129
     134
     119
     105
     128
     125
     120
     108
     105
      99
     113
      86
     110
     107
     118
     112
      80
      99
      99
     111
     114
     105
      87
     115
     118
     103
      83
     104
      97
     101
      89
     101
      83
      91
      99
     113
     101
     110
     126
     117
      92
     104
     116
     108
     122
     115
     131
     121
     100
     103
     106
      98
     112
     102
     107
     100
     108
     100
     110
      75
      97
      88
      95
      97
     105
      93
     104
     102
     104
     104
      90
     100
      84
     101
      85
     111
      99
      92
     111
      83
     104
      82
      92
      98
      98
      88
      92
     105
      94
      72
      93
     103
      85
      68
      85
     105
     108
      93
      93
     103
      85
      80
     118
      80
     102
      81
      85
     124
     103
      98
     110
      88
     105
      90
     100
     108
     104
      93
     108
     106
      88
     122
     130
     126
     143
     154
     151
     150
     172
     150
     145
     144
     165
     159
     165
     161
     148
     153
     173
     135
     144
     129
     121
     158
     152
     152
     190
     202
     264
     274
     356
     356
     348
     343
     314
     328
     302
     256
     260
     174
     213
     233
     254
     298
     329
     392
     393
     398
     409
     378
     361
     357
     301
     266
     209
     187
     149
     129
     119
     117
     108
     109
      99
     101
     105
     124
      96
     118
     123
     106
     139
     125
     113
     143
     106
     121
     109
     108
     114
      89
      94
      84
      81
      85
      97
      94
     104
      94
     100
      93
      84
      86
     101
      96
     102
     100
      92
     105
      94
     105
      95
      80
     102
      85
      76
      90
      86
      92
      95
     106
      96
      81
     100
      80
      84
      95
      89
     102
      91
     104
      97
     106
     100
     101
      83
      84
      79
      70
      86
     103
      85
      93
      99
     106
     110
     125
     117
     157
     163
     139
     165
     190
     211
     224
     239
     203
     207
     174
     153
     142
     142
     106
     105
     118
     104
      99
     105
     100
     109
     116
     107
     108
     103
      94
      88
      92
     109
     104
     118
     110
     115
     123
     167
     184
     169
     212
     175
     206
     200
     214
     186
     181
     145
     136
     148
      89
      97
     108
      66
      93
      76
      88
      87
      99
      97
      84
     100
     111
     102
      99
      99
     118
     131
     109
     130
     122
      97
     115
     100
     107
      83
      92
      77
      81
      87
      74
      68
      77
      60
      75
      80
      79
      73
      89
      64
      72
      82
      97
      78
      84
      71
      76
      58
      87
      79
      96
      77
      80
      89
      72
      85
      91
      84
      76
      75
      85
      70
      73
      77
      64
      87
      83
      75
      78
      73
      82
      82
      77
      68
      87
      74
      77
      80
      81
      67
      94
      83
      78
      95
      80
      71
      92
      95
      93
     111
     107
     127
     126
     147
     152
     174
     176
     158
     160
     151
     149
     110
     121
      90
     101
      95
      91
      89
     109
      92
      91
      92
     105
      88
     105
      92
      73
      95
      83
      72
      70
      93
      80
      75
      80
      68
      76
      61
      79
      91
      77
      60
      66
      70
      79
      81
      74
      77
      76
      73
      69
      67
      62
      68
      68
      60
      71
      70
      74
      52
      75
      83
      67
      98
      94
      75
      83
      78
      77
      79
      78
      84
      59
      82
      73
      81
      74
      90
      83
      82
      93
      97
      97
      86
      83
     100
      78
      78
      81
      88
      95
      73
      97
      67
      68
      84
      91
      75
      89
      70
      70
      71
      74
      85
      67
      79
      87
      90
      98
      86
      86
     106
      82
     102
     101
     110
      81
      85
      84
     106
      77
      78
      91
      72
      87
      81
      84
      80
      76
      68
      80
      84
      98
      75
      57
      76
      74
      77
      65
      69
      94
      67
      77
      55
      66
      67
      74
      74
      69
      72
      62
      71
      59
      74
      61
      81
      68
      71
      65
      69
      84
      84
      63
      85
      76
      75
      75
      56
      71
      58
      69
      63
      68
      65
      59
      74
      68
      73
      70
      82
      64
      58
      73
      70
      87
      68
      67
      63
      67
      77
      64
      63
      64
      72
      72
      74
      79
      60
      67
      59
      69
      72
      89
      60
      77
      71
      80
      68
      67
      73
      68
      56
      63
      70
      64
      69
      84
      69
      73
      69
      73
      62
      71
      74
      81
      78
      78
      94
      84
      92
      98
      93
     102
     147
     190
     191
     234
     238
     293
     298
     283
     284
     267
     223
     215
     158
     144
     139
     116
      94
      86
      81
      77
      78
      72
      67
      64
      95
      71
      74
      72
      64
      80
      65
      80
      78
      71
      86
      62
      80
      76
      76
      82
      74
      66
      79
      72
      83
      83
      67
      82
      86
      61
      63
      61
      80
      74
      83
      65
      58
      71
      66
      76
      73
      58
      76
      71
      64
      73
      75
      59
      77
      65
      65
      67
      71
      89
      65
      80
      55
      49
      76
      93
      51
      82
      57
      58
      75
      51
      61
      71
      67
      73
      67
      62
      77
      73
      70
      63
      65
      75
      54
      81
      66
      69
      73
      74
      77
      49
      81
      76
      71
      87
      92
      71
      72
      96
     110
     172
     207
     292
     359
     470
     632
     734
     884
    1058
    1202
    1177
    1294
    1193
    1132
     939
     832
     721
     495
     358
     283
     232
     164
     112
      97
      73
      69
      78
      53
      61
      68
      73
      69
      57
      66
      71
      58
      60
      69
      76
      66
      69
      70
      63
      54
      75
      68
      67
      69
      68
      71
      55
      51
      55
      60
      68
      55
      67
      74
      58
      67
      68
      56
      63
      60
      66
      82
      63
      84
      65
      68
      58
      80
      70
      71
      74
      65
      62
      67
      52
      60
      66
      65
      53
      77
      79
      60
      67
      76
      58
      58
      51
      55
      63
      76
      55
      64
      76
      60
      59
      64
      72
      77
      76
      67
      73
      81
      58
      47
      67
      75
      64
      66
      56
      68
      57
      77
      64
      63
      62
      73
      60
      64
      64
      61
      73
      66
      69
      68
      54
      70
      52
      65
      72
      62
      68
      59
      69
      53
      68
      79
      65
      59
      69
      55
      54
      72
      71
      65
      83
      65
      67
      75
      83
      78
      63
      58
      65
      69
      83
      63
      66
      61
      56
      66
      53
      85
      75
      68
      66
      55
      56
      58
      64
      80
      60
      61
      65
      75
      68
      72
      63
      67
      64
      81
      61
      65
      70
      43
      60
      55
      55
      59
      72
      55
      58
      68
      49
      56
      77
      69
      80
      65
      60
      74
      75
      64
      52
      68
      63
      65
      83
      62
      75
      67
      76
      47
      61
      65
      78
      61
      74
      62
      55
      51
      63
      72
      79
      76
      56
      48
      54
      61
      77
      67
      68
      60
      73
      61
      58
      79
      69
      64
      64
      59
      69
      55
      67
      72
      68
      60
      73
      74
      67
      59
      73
      69
      88
      71
      70
      69
      84
      80
      91
      92
      92
     104
      96
      86
      91
      77
      83
      69
      61
      51
      56
      76
      62
      61
      66
      56
      73
      63
      82
      91
      93
      95
     106
     124
     141
     136
     163
     227
     215
     189
     228
     204
     185
     194
     163
     140
     111
     117
      85
      85
      74
      60
      55
      56
      53
      63
      62
      70
      75
      71
      55
      55
      64
      59
      71
      58
      58
      62
      56
      69
      62
      57
      73
      74
      59
      70
      67
      68
      64
      64
      64
      61
      64
      73
      45
      58
      68
      62
      62
      61
      76
      80
      62
      70
      65
      63
      72
      60
      71
      60
      63
      61
      74
      54
      64
      77
      80
      71
      67
      70
      78
      68
      69
      62
      56
      72
      64
      66
      79
      74
      82
      92
      75
      85
      77
      73
      76
      84
      78
      84
      82
      69
      85
      74
      63
      80
      64
      57
      69
      72
      59
      58
      65
      83
      59
      63
      79
      48
      64
      60
      61
      76
      81
      59
      69
      62
      66
      64
      59
      60
      77
      52
      75
      71
      58
      61
      55
      68
      64
      83
      72
      60
      73
      69
      79
      76
      70
      61
      69
      48
      83
      85
      49
      71
      79
      76
      82
      72
      77
      60
      66
      72
      89
      64
      59
      70
      65
      64
      65
      79
      63
      63
      71
      80
      65
      60
      60
      64
      77
      70
      99
      65
      48
      58
      80
      69
      58
      74
      67
      75
      71
      57
      73
      68
      66
      76
      59
      55
      62
      47
      64
      53
      66
      65
      75
      80
      51
      55
      77
      78
      61
      60
      70
      66
      59
      66
      69
      65
      72
      63
      59
      58
      82
      57
      50
      68
      72
      61
      73
      59
      68
      56
      69
      43
      71
      76
      75
      67
      66
      83
      65
      68
      71
      49
      54
      59
      57
      68
      68
      64
      64
      66
      57
      67
      66
      71
      63
      61
      65
      70
      74
      69
      71
      62
      76
      63
      49
      65
      75
      55
      56
      67
      59
      78
      68
      47
      73
      65
      50
      70
      83
      60
      71
      69
      69
      71
      65
      67
      81
      68
      64
      66
      76
      74
      71
      65
      81
      74
      70
      57
      62
      60
      67
      65
      57
      74
      73
      66
      69
      69
      70
      83
      70
      74
      79
      77
      75
      78
      77
      70
      65
      65
      59
      72
      67
      69
      75
      72
      68
      59
      59
      62
      62
      75
      64
      57
      68
      81
      66
      58
      70
      58
      58
      56
      56
      65
      56
      71
      55
      68
      72
      54
      65
      57
      53
      55
      61
      59
      69
      58
      66
      58
      58
      67
      68
      66
      76
      52
      78
      67
      48
      73
      54
      78
      63
      71
      58
      61
      48
      69
      68
      67
      58
      52
      61
      63
      61
      68
      60
      55
      67
      48
      72
      67
      70
      78
      80
      59
      65
      67
      59
      63
      65
      71
      55
      57
      72
      77
      51
      71
      64
      62
      67
      71
      57
      68
      76
      57
      51
      56
      65
      65
      69
      59
      55
      62
      49
      56
      62
      55
      82
      68
      70
      50
      54
      66
      65
      50
      52
      62
      69
      61
      59
      63
      56
      58
      52
      55
      54
      65
      58
      61
      60
      65
      55
      63
      62
      56
      51
      75
      65
      60
      53
      59
      54
      63
      56
      59
      68
      62
      54
      75
      50
      52
      41
      57
      59
      53
      59
      66
      61
      64
      50
      50
      58
      55
      70
      64
      57
      58
      70
      59
      52
      54
      70
      62
      72
      68
      60
      51
      74
      66
      62
      51
      47
      38
      59
      66
      62
      44
      47
      56
      59
      57
      65
      52
      53
      55
      46
      60
      49
      72
      57
      50
      65
      64
      63
      63
      63
      45
      67
      69
      68
      55
      49
      56
      65
      56
      43
      54
      52
      53
      59
      61
      60
      64
      50
      59
      60
      53
      64
      60
      45
      54
      50
      63
      70
      70
      70
      41
      49
      69
      50
      75
      64
      62
      58
      58
      50
      71
      49
      52
      55
      48
      58
      49
      56
      58
      49
      61
      51
      51
      58
      50
      54
      65
      55
      48
      69
      57
      54
      57
      56
      67
      55
      56
      60
      52
      66
      51
      62
      47
      54
      61
      54
      64
      63
      66
      56
      67
      64
      63
      53
      50
      74
      58
      44
      58
      58
      48
      57
      62
      57
      49
      67
      61
      65
      46
      65
      54
      61
      52
      46
      65
      50
      59
      42
      62
      64
      53
      53
      53
      62
      57
      48
      46
      68
      66
      62
      58
      43
      49
      52
      63
      63
      51
      55
      50
      55
      68
      56
      68
      53
      58
      49
      65
      56
      59
      57
      38
      50
      51
      62
      64
      53
      45
      47
      51
      48
      57
      55
      59
      45
      65
      62
      52
      44
      65
      67
      58
      50
      48
      49
      60
      48
      56
      54
      44
      58
      61
      61
      69
      60
      70
      68
      62
      54
      70
      81
      59
      54
      59
      54
      63
      68
      60
      54
      64
      60
      58
      60
      45
      60
      73
      63
      69
      51
      62
      54
      58
      60
      57
      59
      53
      51
      48
      53
      65
      63
      41
      65
      59
      61
      58
      48
      53
      57
      57
      56
      52
      54
      54
      58
      59
      67
      43
      45
      53
      56
      55
      43
      67
      46
      68
      63
      53
      52
      69
      63
      41
      43
      62
      69
      54
      52
      53
      62
      45
      46
      49
      58
      52
      46
      58
      48
      51
      53
      60
      63
      60
      51
      66
      48
      57
      66
      47
      49
      51
      56
      51
      61
      58
      59
      57
      63
      80
      54
      56
      58
      60
      59
      43
      53
      48
      68
      62
      55
      55
      49
      67
      56
      66
      66
      63
      47
      62
      61
      53
      62
      58
      51
      57
      58
      60
      55
      55
      55
      63
      62
      63
      46
      56
      54
      60
      52
      44
      53
      58
      60
      55
      43
      67
      41
      65
      64
      60
      42
      53
      52
      57
      44
      71
      66
      54
      63
      55
      57
      91
      72
      78
      87
      92
     104
     119
     125
     153
     186
     203
     239
     251
     308
     285
     313
     314
     318
     267
     296
     244
     265
     188
     192
     169
     145
     122
     106
     112
      85
      70
      72
      67
      65
      61
      69
      68
      57
      72
      63
      60
      62
      59
      47
      46
      64
      66
      58
      59
      56
      57
      50
      54
      54
      69
      58
      57
      67
      80
      83
      82
      83
      95
     113
     104
     125
     124
     139
     143
     129
     116
     104
      95
     105
      80
      86
      76
      72
      57
      78
      53
      54
      48
      64
      67
      47
      53
      58
      66
      57
      47
      46
      49
      57
      57
      58
      55
      54
      58
      65
      62
      54
      71
      46
      66
      57
      56
      76
      50
      54
      67
      56
      48
      59
      55
      62
      54
      70
      52
      64
      63
      61
      48
      61
      55
      51
      45
      63
      55
      61
      51
      48
      61
      46
      42
      49
      63
      44
      54
      52
      57
      52
      38
      62
      59
      54
      56
      53
      61
      72
      69
      67
      60
      56
      57
      59
      43
      50
      46
      58
      63
      59
      59
      64
      61
      50
      50
      63
      58
      64
      68
      66
      58
      57
      55
      49
      55
      54
      59
      58
      57
      74
      62
      64
      46
      63
      51
      48
      52
      72
      44
      48
      55
      48
      59
      67
      63
      63
      65
      62
      56
      69
      37
      56
      62
      48
      50
      63
      61
      59
      48
      52
      50
      55
      66
      74
      47
      60
      57
      58
      70
      64
      49
      60
      62
      62
      59
      69
      51
      53
      46
      44
      55
      59
      55
      57
      50
      55
      66
      49
      62
      60
      55
      68
      44
      70
      54
      46
      60
      48
      54
      64
      57
      57
      43
      48
      72
      58
      58
      49
      58
      60
      65
      51
      77
      63
      62
      59
      69
      55
      57
      61
      69
      49
      64
      61
      51
      63
      63
      51
      60
      65
      54
      54
      61
      69
      51
      53
      49
      62
      67
      67
      57
      67
      62
      63
      73
      53
      68
      61
      56
      58
      57
      75
      67
      59
      51
      59
      66
      61
      41
      46
      57
      68
      54
      56
      59
      67
      67
      67
      48
      60
      63
      57
      68
      59
      68
      53
      71
      63
      70
      50
      56
      52
      48
      62
      75
      61
      62
      69
      61
      60
      61
      62
      71
      71
      83
      94
      82
     130
     146
     173
     183
     228
     247
     291
     373
     353
     376
     335
     355
     352
     318
     270
     236
     189
     175
     134
     110
     110
      90
      76
      73
      69
      63
      62
      65
      66
      46
      51
      60
      53
      62
      54
      50
      52
      55
      57
      62
      80
      75
      71
      55
      61
      55
      50
      41
      45
      60
      60
      56
      56
      79
      42
      61
      60
      80
      77
      42
      53
      50
      61
      66
      67
      55
      55
      67
      54
      67
      50
      54
      69
      69
      60
      54
      55
      68
      63
      58
      71
      65
      53
      58
      63
      47
      77
      60
      56
      54
      50
      65
      66
      48
      54
      67
      57
      76
      58
      57
      55
      59
      64
      53
      65
      59
      69
      71
      65
      51
      61
      60
      50
      60
      62
      62
      69
      67
      72
      52
      56
      60
      57
      61
      54
      55
      63
      45
      57
      68
      47
      48
      74
      63
      63
      42
      57
      59
      80
      70
      61
      54
      65
      62
      57
      59
      56
      61
      68
      52
      62
      51
      60
      46
      52
      45
      52
      54
      68
      68
      57
      80
      64
      62
      50
      69
      58
      58
      69
      63
      64
      62
      78
      55
      56
      56
      67
      66
      56
      59
      41
      61
      71
      73
      60
      64
      49
      66
      59
      75
      79
      55
      63
      52
      56
      71
      62
      57
      63
      68
      70
      77
      72
      61
      61
      58
      49
      54
      49
      77
      73
      61
      78
      70
      59
      64
      63
      54
      80
      69
      53
      43
      69
      70
      62
      71
      58
      54
      50
      63
      69
      65
      59
      64
      58
      66
      58
      52
      66
      62
      55
      66
      48
      69
      74
      60
      81
      69
      69
      61
      71
      64
      56
      64
      65
      77
      60
      57
      71
      67
      68
      74
      71
      63
      60
      63
      61
      73
      79
      65
      80
      58
      66
      60
      80
      66
      68
      89
      53
      76
      48
      53
      63
      70
      58
      72
      58
      68
      61
      53
      76
      64
      63
      60
      66
      57
      70
      62
      57
      69
      69
      82
      49
      67
      57
      73
      73
      72
      74
      69
      84
      80
      88
      80
     108
      58
      80
      94
      88
      67
      71
      80
      81
      72
      71
      70
      59
      54
      66
      66
      63
      66
      71
      65
      69
      59
      66
      58
      71
      60
      71
      54
      73
      64
      63
      56
      80
      54
      69
      64
      59
      68
      63
      62
      76
      68
      59
      58
      72
      52
      56
      62
      54
      64
      85
      72
      60
      74
      72
      68
      65
      71
      60
      74
      79
      75
      74
      60
      71
      75
      56
      60
      82
      50
      76
      74
      65
      69
      58
      56
      80
      70
      66
      68
      61
      67
      57
      82
      59
      74
      84
      64
      60
      74
      62
      48
      70
      56
      77
      80
      60
      70
      66
      62
      76
      64
      56
      68
      64
      58
      60
      63
      60
      64
      68
      72
      73
      65
      72
      79
      53
      71
      71
      71
      69
      67
      66
      67
      64
      75
      79
      68
      75
      71
      79
      78
      72
      73
      64
      73
      67
      53
      86
      67
      56
      73
      71
      82
      66
      68
      64
      68
      62
      55
      78
      84
      70
      69
      78
      65
      70
      87
      86
      72
      80
      77
      65
      86
      79
      74
      64
      77
      74
      67
      87
      70
      84
      65
      62
      58
      80
      82
      70
      71
      79
      69
      68
      84
      87
      75
      77
      76
      65
      61
      82
      75
      62
      80
      65
      88
      82
      86
      70
      65
      77
      67
      71
      73
      89
      77
      79
      67
      76
      77
      86
      78
      98
      67
      76
      72
      78
      75
      76
      82
      77
      78
      84
      77
      80
      74
      82
      70
      81
      70
      65
      86
      61
      77
      73
      85
      71
      80
      63
      77
      76
      80
      75
      75
      81
      76
      84
      87
      64
      88
      74
      78
      79
      73
      80
      72
      80
      84
      78
      80
      73
      80
      87
      71
      55
      73
      72
      79
      90
      85
      73
      72
      70
      84
      80
      68
      73
      83
      90
      80
      90
      56
      67
      59
      79
      89
      62
      75
      66
      53
      68
      78
      72
      72
      74
      55
      70
      52
      76
      68
      63
      73
      59
      72
      69
      85
      54
      58
      65
      56
      73
      54
      69
      46
      64
      68
      62
      59
      43
      59
      45
      60
      56
      57
      45
      58
      56
      52
      57
      57
      58
      44
      56
      79
      48
      53
      63
      43
      57
      49
      56
      61
      51
      43
      59
      53
      48
      46
      45
      48
      54
      52
      43
      64
      46
      53
      46
      52
      38
      44
      53
      37
      58
      47
      42
      45
      42
      43
      49
       0
       0
$ROI:
1
3282 3296
$PRESETS:
None
0
0
$ENER_FIT:
0.000000 0.293177
$MCA_CAL:
3
0.000000E+000 2.931768E-001 0.000000E+000
$SHAPE_CAL:
3
0.000000E+000 0.000000E+000 0.000000E+000
