$SPEC_ID:
No sample description was entered.
$SPEC_REM:
DET# 1
DETDESC# 1#GB
AP# GammaVision Version 6.01
$DATE_MEA:
01/18/2021 08:54:04
$MEAS_TIM:
88562 89209
$DATA:
0 8191
       0
       0
       0
       0
       0
       0
       0
       0
       0
       0
       0
       0
       0
       0
       0
       0
       0
       0
       0
       0
       0
       0
       0
       0
       0
       0
       0
       0
       0
       0
   25936
   26130
   25343
   25175
   24930
   24906
   24122
   23783
   23812
   23860
   23244
   23046
   23132
   22663
   22243
   22705
   22325
   22105
   22033
   21826
   21584
   21190
   21243
   21059
   20893
   20891
   20539
   20473
   20610
   20423
   20152
   20081
   19928
   19839
   19763
   19678
   19456
   19447
   19278
   19399
   19069
   19052
   18917
   18811
   19073
   18704
   18828
   18581
   18434
   18279
   18205
   18258
   18078
   18083
   18106
   17696
   18039
   17898
   17552
   17572
   17785
   17440
   17678
   17506
   17327
   17154
   17303
   17161
   17248
   17134
   16912
   16916
   17016
   16943
   16750
   16363
   16651
   16609
   16473
   16604
   16313
   16270
   16368
   16056
   16104
   15964
   16332
   16156
   15919
   15819
   15868
   15750
   15733
   15839
   15535
   15673
   15759
   15457
   15392
   15415
   15245
   15419
   15435
   15313
   15150
   15095
   15511
   15264
   15168
   14944
   15088
   15171
   14781
   14889
   14847
   14869
   14896
   15001
   14832
   14929
   14777
   14588
   14843
   15143
   15001
   14927
   14749
   15102
   15293
   15303
   15252
   15187
   14771
   14916
   15091
   14951
   15163
   15108
   15037
   15300
   15028
   15235
   15197
   15752
   15326
   15425
   15375
   15573
   15646
   15893
   15836
   15915
   15840
   16270
   16402
   16181
   16190
   16422
   16632
   16554
   16802
   16951
   17055
   16829
   17213
   17539
   17437
   17673
   17792
   18136
   17963
   18306
   18200
   18490
   18979
   18621
   18877
   19104
   18983
   19434
   19652
   19950
   19788
   20109
   20514
   20780
   20883
   20966
   21010
   20956
   20907
   21062
   21410
   21103
   21717
   21740
   22092
   22038
   22177
   21923
   22564
   22918
   22887
   23028
   23029
   23233
   23365
   23560
   24013
   23712
   23867
   24328
   24435
   24512
   24812
   24698
   25099
   25040
   25504
   25661
   26195
   26785
   27015
   27821
   28195
   28586
   28453
   28475
   28335
   28663
   29171
   29465
   30119
   29940
   29536
   28900
   28510
   27608
   27309
   27180
   27021
   26956
   26919
   27222
   27138
   27482
   27470
   27356
   27675
   27467
   27411
   27843
   27980
   28319
   28362
   28327
   28669
   29030
   28925
   29057
   28890
   28923
   28953
   29289
   29444
   30141
   30146
   30418
   30142
   29741
   29442
   29662
   29408
   29715
   29499
   29865
   29792
   29865
   29638
   29905
   29383
   29525
   29883
   30353
   30674
   30686
   30962
   30765
   31025
   30419
   30071
   29960
   29370
   29339
   28904
   29345
   28748
   29089
   29159
   29137
   28918
   29251
   29103
   29096
   28976
   29385
   28974
   29203
   29430
   29083
   29110
   29129
   29276
   28904
   28827
   28926
   28633
   28632
   28597
   28922
   28581
   28815
   28954
   28715
   28433
   28674
   28799
   28849
   28759
   28850
   28954
   28861
   28927
   28414
   28699
   28685
   28456
   28371
   28372
   28608
   28470
   27996
   28596
   28032
   28502
   28227
   28315
   28356
   28419
   28072
   28049
   27958
   27965
   27745
   28100
   27652
   27666
   27809
   27748
   27797
   27727
   27936
   27360
   27675
   27548
   27420
   27449
   27390
   27353
   27132
   27106
   26913
   27013
   26945
   26977
   26716
   27209
   26799
   26733
   26591
   26297
   26451
   26861
   26593
   26431
   26513
   26315
   26256
   26431
   26411
   26458
   26379
   26050
   26160
   26019
   26117
   25850
   26189
   26038
   26091
   26178
   25789
   25884
   25996
   25622
   25853
   25755
   25691
   25852
   25822
   25728
   25530
   25007
   25265
   24979
   24937
   25076
   25071
   24675
   24450
   24789
   25014
   24608
   24557
   24429
   24286
   24165
   24204
   23997
   24270
   23999
   23879
   24054
   23909
   23805
   23718
   23402
   23271
   23327
   23156
   23530
   23196
   23160
   23213
   22974
   22985
   23074
   23057
   22957
   22812
   22904
   22774
   22558
   22602
   22552
   22181
   22660
   22453
   22685
   22644
   22269
   22402
   22025
   22035
   21915
   21958
   21854
   21916
   21732
   21486
   21424
   21325
   21459
   21222
   21288
   21318
   21026
   21118
   21113
   21210
   21045
   21029
   20847
   20975
   20676
   20685
   20847
   20794
   20502
   20431
   20575
   20448
   20392
   20464
   20317
   20356
   20063
   19977
   20296
   19846
   19602
   19627
   19700
   19881
   19627
   19329
   19445
   19598
   19311
   19038
   19255
   19013
   18883
   18852
   18787
   18792
   18698
   18715
   18653
   18675
   18457
   18671
   18387
   18448
   18625
   18400
   18187
   18356
   18210
   17958
   18114
   18096
   17915
   17782
   17853
   17529
   17666
   17528
   17749
   17571
   17649
   17588
   17585
   17236
   17352
   17120
   17016
   17275
   16947
   16936
   16991
   16972
   16795
   16953
   16726
   16891
   16808
   16726
   16750
   16519
   16584
   16412
   16528
   16522
   16513
   16319
   16213
   16214
   15997
   16337
   15949
   16065
   16139
   16029
   15983
   15693
   15789
   15773
   15758
   15716
   15802
   15807
   15549
   15685
   15462
   15429
   15831
   15651
   15503
   15564
   15292
   15642
   15273
   15396
   15298
   15251
   15363
   15426
   15618
   15643
   16050
   16212
   16640
   16805
   16905
   16735
   16278
   15685
   15395
   14927
   14989
   14610
   14524
   14364
   14557
   14597
   14262
   14403
   14322
   14320
   14223
   14193
   14213
   13920
   13879
   13735
   13879
   13789
   13818
   13848
   13696
   13894
   13680
   13632
   13636
   13742
   13589
   13396
   13409
   13530
   13444
   13330
   13295
   13321
   13403
   13178
   13412
   13086
   13190
   12877
   13272
   12808
   13093
   12905
   12879
   12787
   13106
   12917
   12852
   12927
   12665
   12546
   13022
   12489
   12667
   12486
   12734
   12453
   12363
   12591
   12634
   12465
   12408
   12348
   12299
   12149
   12363
   12338
   12389
   12378
   12322
   12732
   12895
   12906
   12613
   12594
   12520
   12220
   11957
   12169
   11850
   11679
   11742
   11551
   11740
   11633
   11397
   11273
   11512
   11452
   11298
   11474
   11466
   11349
   11417
   11457
   11441
   11143
   11378
   11241
   11334
   11245
   11231
   11312
   11302
   11270
   11097
   11055
   11043
   11152
   10964
   11014
   11034
   11154
   10872
   10924
   10496
   10731
   10653
   10863
   10843
   10706
   10615
   10825
   10575
   10625
   10644
   10471
   10692
   10551
   10474
   10429
   10623
   10287
   10562
   10430
   10406
   10103
   10190
   10065
   10331
   10140
   10134
   10368
   10117
    9985
    9974
   10038
   10060
    9954
    9886
    9843
   10084
    9835
    9870
    9746
    9864
    9966
    9759
    9568
    9793
    9697
    9654
    9633
    9811
    9967
   10142
   10493
   11085
   12508
   14268
   16475
   18888
   19848
   20139
   19279
   17091
   15085
   13246
   11696
   11366
   10982
   10835
   11137
   11236
   11199
   10673
   10349
    9685
    9297
    8941
    8705
    8515
    8550
    8304
    8211
    8398
    8212
    8310
    8155
    8178
    7953
    8207
    8211
    8252
    8086
    8086
    8069
    7988
    7959
    8083
    7803
    8020
    7778
    7889
    7936
    7866
    7752
    7970
    7917
    7763
    7796
    7935
    7729
    7763
    7749
    7670
    7773
    7811
    7648
    7605
    7537
    7501
    7508
    7692
    7610
    7544
    7538
    7536
    7606
    7547
    7413
    7480
    7715
    7460
    7464
    7469
    7362
    7426
    7319
    7245
    7220
    7106
    7144
    7236
    7152
    7084
    7164
    7096
    6986
    6956
    7036
    7025
    6952
    6972
    6754
    6821
    6863
    6848
    6943
    6877
    6882
    7010
    6894
    6928
    6896
    6825
    7200
    7346
    7319
    7474
    7678
    7603
    7511
    7406
    7166
    6885
    6732
    6524
    6711
    6529
    6482
    6722
    6558
    6543
    6677
    6606
    6492
    6707
    6431
    6532
    6621
    6537
    6715
    6744
    6911
    6949
    6890
    6732
    6554
    6563
    6215
    6327
    6306
    6169
    6293
    6188
    6104
    6291
    6020
    6015
    6105
    6011
    6066
    6123
    6128
    6043
    5967
    6049
    5996
    6017
    5980
    5988
    5976
    5820
    6047
    6026
    5954
    5857
    5920
    5964
    5992
    5898
    5812
    5929
    5960
    5763
    5797
    5735
    5719
    5692
    5716
    5732
    5769
    5834
    5699
    5690
    5764
    5752
    5866
    6087
    6413
    6888
    7651
    8544
    9331
    9762
    9906
    9690
    8715
    7724
    6897
    6235
    5921
    5591
    5435
    5567
    5510
    5435
    5521
    5768
    5736
    5853
    6054
    5975
    5791
    5834
    5657
    5515
    5459
    5292
    5232
    5169
    5238
    5183
    5243
    5157
    5136
    5004
    5097
    5153
    5205
    5181
    5121
    4991
    5016
    5133
    5020
    4955
    5097
    5019
    4898
    4947
    4975
    4902
    4994
    4856
    4952
    4904
    4950
    4876
    4793
    5020
    4924
    4861
    4900
    4781
    4798
    4815
    4940
    4826
    4794
    4807
    4896
    4832
    4815
    4839
    4769
    4800
    4755
    4624
    4797
    4721
    4706
    4676
    4638
    4666
    4792
    4667
    4680
    4722
    4628
    4740
    4658
    4739
    4697
    4795
    4726
    4596
    4528
    4646
    4558
    4592
    4544
    4588
    4480
    4572
    4550
    4536
    4588
    4629
    4585
    4478
    4639
    4787
    4704
    5001
    4902
    5061
    5135
    5065
    4731
    4864
    4694
    4560
    4488
    4445
    4474
    4406
    4457
    4418
    4324
    4329
    4369
    4499
    4442
    4406
    4421
    4277
    4286
    4326
    4356
    4316
    4372
    4291
    4190
    4347
    4263
    4482
    4944
    5202
    5594
    6049
    6517
    6337
    6303
    5900
    5401
    4975
    4619
    4366
    4355
    4223
    4198
    4158
    4249
    4095
    4096
    3998
    3996
    4089
    4069
    3901
    3917
    3972
    4013
    3992
    3968
    4053
    4007
    3834
    3935
    4028
    3919
    3919
    3878
    3897
    4003
    3948
    3877
    3898
    4023
    4312
    4325
    4824
    5772
    7017
    8641
    9924
   10981
   11855
   11077
   10312
    8675
    7340
    5793
    4988
    4355
    3846
    3829
    3635
    3661
    3783
    3660
    3575
    3587
    3570
    3677
    3596
    3635
    3608
    3481
    3685
    3616
    3590
    3561
    3588
    3557
    3515
    3441
    3619
    3558
    3465
    3424
    3615
    3578
    3545
    3435
    3554
    3456
    3526
    3557
    3435
    3450
    3507
    3565
    3408
    3487
    3484
    3349
    3505
    3351
    3469
    3431
    3393
    3374
    3354
    3451
    3285
    3361
    3426
    3436
    3392
    3297
    3413
    3386
    3325
    3281
    3425
    3406
    3294
    3256
    3325
    3303
    3365
    3364
    3326
    3383
    3378
    3304
    3329
    3304
    3301
    3178
    3239
    3239
    3335
    3329
    3328
    3263
    3222
    3263
    3328
    3358
    3293
    3318
    3234
    3253
    3287
    3225
    3274
    3262
    3067
    3160
    3323
    3242
    3107
    3167
    3227
    3167
    3259
    3185
    3235
    3292
    3262
    3185
    3329
    3248
    3188
    3190
    3171
    3186
    3162
    3169
    3154
    3183
    3144
    3202
    3339
    3169
    3054
    3173
    3073
    3175
    3115
    3092
    3145
    3118
    3086
    3179
    3113
    3057
    3075
    3150
    3072
    3164
    3126
    3141
    3148
    3081
    3003
    3046
    3030
    3124
    2971
    3054
    3051
    3083
    3068
    3036
    3020
    2983
    2983
    3006
    3086
    3071
    2984
    3043
    3212
    3117
    3019
    3104
    3051
    3106
    3029
    3050
    2989
    2924
    2997
    2964
    3003
    2950
    3085
    2933
    2980
    2938
    2977
    2856
    2768
    2916
    2941
    2970
    3089
    3006
    3130
    3254
    3294
    3258
    3264
    3044
    3058
    2968
    2877
    2933
    2911
    2815
    2902
    2894
    2834
    2851
    2808
    2843
    2900
    2823
    2737
    2885
    2833
    2783
    2840
    2833
    2821
    2798
    2821
    2669
    2786
    2850
    2829
    2729
    2835
    2896
    2782
    2815
    2644
    2618
    2841
    2765
    2810
    2713
    2738
    2744
    2731
    2780
    2731
    2701
    2693
    2749
    2724
    2758
    2722
    2736
    2767
    2767
    2701
    2733
    2752
    2645
    2727
    2720
    2635
    2592
    2652
    2598
    2712
    2641
    2588
    2559
    2627
    2689
    2693
    2575
    2594
    2567
    2575
    2587
    2596
    2584
    2523
    2566
    2533
    2551
    2581
    2512
    2643
    2623
    2589
    2581
    2551
    2528
    2506
    2496
    2610
    2536
    2616
    2687
    2633
    2687
    2822
    2752
    2741
    2735
    2724
    2526
    2619
    2462
    2517
    2459
    2550
    2544
    2544
    2465
    2476
    2414
    2584
    2417
    2463
    2425
    2396
    2462
    2373
    2414
    2377
    2513
    2425
    2460
    2493
    2411
    2342
    2384
    2456
    2426
    2358
    2505
    2489
    2426
    2404
    2450
    2446
    2354
    2438
    2405
    2398
    2482
    2438
    2399
    2428
    2460
    2481
    2474
    2423
    2408
    2493
    2403
    2469
    2417
    2468
    2355
    2387
    2357
    2473
    2393
    2405
    2367
    2340
    2319
    2297
    2405
    2357
    2241
    2355
    2363
    2357
    2372
    2450
    2514
    2470
    2643
    2902
    2960
    3047
    3025
    3034
    3088
    2771
    2630
    2481
    2427
    2400
    2347
    2273
    2284
    2309
    2235
    2290
    2109
    2255
    2379
    2297
    2287
    2210
    2317
    2207
    2330
    2299
    2254
    2301
    2220
    2246
    2224
    2259
    2192
    2292
    2190
    2140
    2151
    2264
    2257
    2196
    2179
    2236
    2165
    2274
    2234
    2266
    2192
    2189
    2185
    2277
    2155
    2227
    2260
    2173
    2236
    2230
    2209
    2172
    2170
    2223
    2194
    2247
    2088
    2237
    2207
    2125
    2182
    2173
    2191
    2178
    2167
    2127
    2098
    2100
    2113
    2125
    2072
    2118
    2081
    2084
    2057
    2100
    2087
    2212
    2060
    2198
    2204
    2157
    2060
    2043
    2082
    2069
    2121
    2010
    2232
    2054
    2104
    2110
    2072
    2003
    2053
    2058
    2015
    1969
    2094
    2065
    2068
    2008
    2002
    2008
    2002
    2016
    1997
    1996
    2011
    1970
    1987
    2021
    2000
    2062
    1923
    1942
    1997
    1960
    2025
    1961
    1975
    1968
    1936
    2007
    1996
    2043
    2047
    2051
    1942
    2011
    2044
    1950
    1954
    2072
    1966
    2048
    1977
    1970
    1986
    1992
    1997
    1940
    1983
    1985
    1948
    1954
    1915
    1968
    1978
    2126
    2078
    2222
    2319
    2625
    2896
    3222
    3572
    3780
    4046
    4126
    4023
    3708
    3468
    3090
    2816
    2617
    2340
    2136
    2072
    2049
    2038
    1844
    1913
    1910
    1914
    1923
    1942
    1892
    1858
    1849
    1928
    1910
    1847
    1872
    1845
    1845
    1888
    1858
    1828
    1868
    1859
    1866
    1849
    1859
    1795
    1876
    1931
    1823
    1856
    1804
    1853
    1880
    1846
    1816
    1876
    1843
    1811
    1879
    1839
    1757
    1797
    1856
    1867
    1847
    1773
    1820
    1847
    1896
    1839
    1834
    1784
    1801
    1824
    1847
    1841
    1799
    1789
    1795
    1913
    1777
    1762
    1796
    1799
    1708
    1868
    1809
    1812
    1842
    1771
    1863
    1804
    1731
    1766
    1749
    1827
    1710
    1813
    1761
    1799
    1820
    1700
    1791
    1825
    1749
    1801
    1715
    1745
    1746
    1823
    1753
    1758
    1679
    1862
    1712
    1821
    1708
    1778
    1729
    1768
    1747
    1841
    1744
    1765
    1690
    1751
    1704
    1766
    1761
    1682
    1761
    1773
    1744
    1698
    1770
    1761
    1697
    1728
    1766
    1749
    1698
    1682
    1699
    1678
    1816
    1737
    1723
    1711
    1697
    1765
    1715
    1654
    1668
    1650
    1770
    1671
    1699
    1653
    1752
    1661
    1676
    1697
    1707
    1684
    1677
    1743
    1591
    1619
    1754
    1696
    1655
    1623
    1678
    1690
    1661
    1670
    1608
    1590
    1667
    1675
    1652
    1659
    1720
    1800
    1732
    1758
    1809
    1806
    1766
    1736
    1778
    1639
    1677
    1665
    1598
    1636
    1653
    1735
    1652
    1690
    1583
    1681
    1667
    1521
    1615
    1573
    1663
    1574
    1619
    1662
    1624
    1663
    1628
    1609
    1752
    1684
    1638
    1685
    1656
    1614
    1653
    1544
    1612
    1628
    1619
    1606
    1649
    1652
    1633
    1663
    1600
    1589
    1594
    1652
    1679
    1624
    1509
    1609
    1606
    1568
    1592
    1564
    1595
    1608
    1618
    1707
    1633
    1647
    1737
    1821
    2101
    2531
    3098
    3913
    4827
    5663
    6122
    6331
    6068
    5364
    4511
    3693
    2771
    2263
    1854
    1789
    1590
    1526
    1501
    1634
    1558
    1486
    1465
    1502
    1510
    1473
    1455
    1496
    1516
    1517
    1513
    1517
    1545
    1522
    1485
    1491
    1440
    1536
    1571
    1498
    1531
    1531
    1445
    1514
    1417
    1535
    1526
    1496
    1413
    1439
    1504
    1560
    1483
    1484
    1433
    1527
    1582
    1459
    1443
    1493
    1480
    1504
    1497
    1487
    1455
    1443
    1462
    1508
    1445
    1436
    1490
    1475
    1517
    1488
    1497
    1522
    1567
    1479
    1457
    1479
    1469
    1415
    1488
    1485
    1425
    1544
    1473
    1578
    1777
    2207
    2683
    3617
    4931
    6053
    7399
    8309
    8532
    8266
    7445
    5973
    4696
    3540
    2611
    2094
    1698
    1455
    1402
    1393
    1383
    1376
    1384
    1389
    1372
    1382
    1325
    1377
    1366
    1345
    1392
    1390
    1462
    1337
    1335
    1368
    1408
    1283
    1283
    1360
    1343
    1332
    1374
    1333
    1384
    1323
    1311
    1377
    1368
    1388
    1373
    1331
    1375
    1315
    1335
    1324
    1328
    1300
    1326
    1277
    1364
    1290
    1296
    1329
    1382
    1366
    1316
    1284
    1317
    1337
    1289
    1305
    1358
    1294
    1248
    1306
    1307
    1324
    1306
    1334
    1347
    1276
    1289
    1320
    1360
    1244
    1369
    1324
    1294
    1290
    1315
    1292
    1323
    1294
    1315
    1312
    1272
    1242
    1253
    1255
    1281
    1286
    1325
    1372
    1334
    1274
    1367
    1322
    1349
    1294
    1263
    1295
    1312
    1242
    1214
    1255
    1340
    1308
    1306
    1346
    1291
    1251
    1269
    1320
    1302
    1254
    1308
    1282
    1293
    1271
    1375
    1274
    1305
    1325
    1223
    1278
    1297
    1279
    1313
    1368
    1173
    1307
    1220
    1264
    1265
    1239
    1352
    1287
    1313
    1270
    1229
    1287
    1285
    1379
    1273
    1325
    1255
    1271
    1329
    1335
    1318
    1303
    1269
    1267
    1278
    1265
    1298
    1255
    1264
    1226
    1202
    1304
    1235
    1262
    1207
    1287
    1278
    1386
    1438
    1669
    2051
    2576
    3235
    3965
    4782
    5355
    5444
    5160
    4760
    4063
    3408
    2630
    2123
    1733
    1479
    1358
    1444
    1422
    1427
    1526
    1451
    1409
    1339
    1420
    1379
    1245
    1213
    1214
    1259
    1228
    1214
    1224
    1188
    1180
    1233
    1239
    1247
    1137
    1269
    1157
    1204
    1198
    1180
    1212
    1229
    1180
    1212
    1186
    1224
    1178
    1205
    1208
    1189
    1235
    1251
    1216
    1118
    1249
    1249
    1145
    1231
    1216
    1230
    1222
    1182
    1237
    1197
    1095
    1196
    1252
    1202
    1242
    1245
    1154
    1150
    1200
    1178
    1166
    1217
    1189
    1171
    1219
    1150
    1134
    1166
    1156
    1212
    1157
    1195
    1165
    1183
    1178
    1200
    1230
    1137
    1186
    1141
    1292
    1213
    1146
    1146
    1173
    1203
    1211
    1189
    1143
    1131
    1153
    1157
    1188
    1191
    1220
    1113
    1153
    1225
    1139
    1230
    1149
    1222
    1153
    1193
    1164
    1151
    1127
    1190
    1201
    1165
    1180
    1187
    1137
    1145
    1138
    1140
    1153
    1172
    1134
    1161
    1138
    1184
    1170
    1226
    1161
    1231
    1183
    1225
    1327
    1222
    1258
    1220
    1214
    1201
    1194
    1245
    1166
    1177
    1165
    1106
    1124
    1131
    1140
    1169
    1174
    1108
    1175
    1203
    1096
    1238
    1099
    1116
    1110
    1093
    1129
    1209
    1157
    1118
    1113
    1123
    1136
    1090
    1056
    1100
    1208
    1106
    1163
    1114
    1173
    1080
     990
    1052
    1126
    1137
    1133
    1030
    1112
    1089
    1112
    1073
    1075
    1102
    1124
    1104
    1058
    1126
    1211
    1144
    1169
    1154
    1206
    1149
    1066
    1108
    1099
    1095
    1027
    1134
    1052
    1072
    1127
    1050
    1063
    1106
    1098
    1204
    1233
    1263
    1330
    1440
    1734
    1902
    2118
    2026
    2061
    1957
    1767
    1638
    1403
    1324
    1195
    1116
    1113
    1066
    1136
    1092
     998
    1076
    1072
     994
    1029
    1025
    1057
    1028
    1073
    1065
    1012
    1042
    1048
    1034
    1056
    1121
    1045
    1043
    1048
    1065
    1071
    1041
    1040
    1031
    1077
    1046
    1110
    1110
    1061
    1099
    1071
    1064
    1063
    1027
    1049
    1037
    1100
    1138
    1073
    1076
    1099
    1073
    1133
    1119
    1068
    1083
    1072
    1037
    1052
     995
    1094
    1031
    1060
    1045
    1062
    1077
     995
     988
    1008
    1022
    1081
    1048
    1028
    1046
    1027
     995
    1023
     992
    1030
    1048
    1022
    1014
    1011
    1058
     994
    1113
    1076
    1060
    1085
    1119
    1109
    1157
    1081
    1162
    1150
    1133
    1098
    1042
    1105
    1048
    1035
    1041
    1001
    1058
    1045
     993
    1047
    1056
     976
    1013
     969
     996
    1035
     960
    1029
    1058
    1036
    1110
    1080
    1070
    1077
    1137
    1130
    1044
    1033
    1047
    1117
    1062
    1084
    1040
    1149
    1156
    1260
    1282
    1477
    1531
    1583
    1645
    1645
    1620
    1485
    1356
    1191
    1190
    1149
    1078
    1055
    1109
    1165
    1143
    1178
    1127
    1196
    1107
    1164
    1050
    1033
     999
     937
     964
     995
     962
     955
     973
    1012
     934
     947
     952
     962
     991
     984
     934
     990
    1049
     982
     914
     979
     966
     966
     948
     971
     946
     965
    1048
    1075
    1035
     964
     953
     966
     998
     950
     969
    1027
    1156
    1173
    1183
    1267
    1271
    1179
    1168
    1028
    1099
    1007
     957
     991
     906
     995
     942
     941
     967
     950
     955
     967
     888
     918
     951
     952
     875
     875
     935
     953
    1000
    1061
    1147
    1244
    1303
    1350
    1428
    1432
    1475
    1389
    1300
    1286
    1146
    1040
    1005
     958
     997
     924
     922
     889
     882
     899
     937
     942
     893
     891
     908
     920
     912
     945
     846
     883
     914
     916
     918
     875
     892
     922
     889
     928
     997
     968
    1030
    1030
    1035
    1025
    1072
    1059
    1041
     996
     953
     912
     972
     858
     933
     868
     880
     899
     926
     836
     872
     912
     924
     848
     860
     902
     860
     912
     825
     906
     845
     913
     885
     900
     874
     872
     906
     886
     895
     856
     906
     904
     903
     875
     861
     866
     906
     881
     886
     874
     875
     912
     873
     929
     875
     886
     909
     941
     864
     941
     804
     931
     908
     889
     880
     902
     910
     909
     880
     869
     886
     933
     904
     963
     891
     918
     898
     920
     901
     884
     878
     896
     854
     874
     951
     871
     904
     910
     937
     968
     899
     810
     932
     875
     948
     879
     889
     913
     875
     894
     883
     905
     977
    1062
    1031
    1097
    1059
    1084
    1041
    1069
     977
     962
     958
     901
     888
     913
     969
     993
     998
    1011
     996
     994
    1014
    1057
     980
     965
     949
     930
     897
     909
     850
     832
     834
     889
     853
     845
     804
     841
     881
     850
     854
     821
     846
     815
     816
     850
     809
     838
     877
     856
     826
     908
     866
     850
     800
     826
     818
     776
     893
     850
     868
     831
     839
     800
     831
     876
     819
     862
     802
     779
     869
     874
     868
     871
     840
     806
     838
     833
     843
     862
     850
     828
     821
     892
     892
     975
    1066
    1150
    1190
    1325
    1340
    1423
    1320
    1328
    1214
    1115
     997
     992
     861
     879
     825
     815
     836
     816
     812
     832
     835
     844
     862
     824
     803
     858
     847
     849
     845
     820
     764
     834
     812
     871
     839
     843
     827
     846
     841
     800
     867
     812
     805
     789
     807
     828
     841
     835
     794
     826
     851
     852
     853
     770
     880
     791
     793
     800
     810
     816
     780
     838
     796
     805
     869
     856
     805
     838
     795
     784
     850
     818
     815
     830
     824
     812
     784
     850
     819
     845
     808
     844
     754
     806
     815
     788
     788
     826
     803
     817
     831
     747
     825
     806
     864
     756
     820
     778
     803
     806
     787
     768
     790
     787
     822
     813
     809
     797
     773
     794
     836
     810
     782
     853
     819
     882
     781
     854
     838
     814
     845
     807
     802
     884
     826
     817
     783
     784
     859
     866
     819
     809
     823
     838
     764
     779
     845
     843
     720
     751
     809
     793
     768
     837
     750
     811
     777
     811
     796
     822
     846
     885
     888
     901
     872
     874
     878
     899
     800
     796
     842
     802
     810
     816
     781
     852
     823
     791
     890
     960
    1117
    1433
    1641
    2144
    2664
    3142
    3651
    3798
    3923
    3711
    3224
    2765
    2178
    1701
    1368
    1123
     978
     923
     822
     734
     779
     768
     748
     776
     720
     757
     766
     797
     789
     745
     745
     711
     761
     765
     765
     723
     806
     777
     755
     749
     732
     738
     778
     763
     688
     706
     813
     756
     735
     759
     748
     752
     745
     799
     752
     732
     755
     790
     756
     757
     765
     739
     749
     779
     747
     755
     728
     761
     769
     762
     744
     802
     777
     719
     774
     777
     749
     758
     747
     859
     872
     927
    1018
    1033
    1011
    1187
    1137
    1163
    1085
     933
     924
     915
     777
     755
     769
     733
     739
     764
     758
     712
     746
     754
     728
     653
     775
     729
     733
     727
     738
     772
     694
     779
     748
     677
     717
     717
     734
     715
     748
     764
     750
     709
     749
     773
     707
     731
     790
     760
     728
     778
     737
     829
     769
     842
     866
     832
     866
     843
     854
     872
     887
     863
     819
     871
     850
     807
     799
     734
     775
     809
     756
     788
     751
     757
     770
     782
     732
     701
     723
     754
     739
     737
     743
     749
     695
     809
     731
     751
     746
     743
     733
     744
     776
     763
     737
     757
     695
     722
     718
     671
     745
     773
     762
     864
     849
    1002
    1043
    1180
    1228
    1296
    1342
    1272
    1295
    1236
    1049
    1087
    1046
    1054
    1150
    1359
    1566
    1866
    2153
    2336
    2512
    2562
    2343
    2159
    1875
    1566
    1294
    1008
     928
     801
     814
     721
     740
     706
     711
     736
     661
     654
     705
     734
     738
     689
     701
     676
     742
     651
     716
     669
     707
     669
     675
     745
     697
     693
     720
     669
     735
     699
     705
     720
     707
     758
     705
     748
     723
     727
     683
     713
     744
     727
     698
     730
     726
     731
     741
     713
     719
     734
     706
     745
     709
     705
     745
     776
     725
     710
     726
     710
     725
     720
     705
     712
     716
     699
     754
     679
     675
     674
     698
     684
     670
     697
     711
     675
     663
     736
     714
     690
     749
     707
     692
     713
     723
     696
     671
     703
     714
     715
     746
     714
     736
     689
     731
     702
     716
     788
     692
     805
     846
     866
     857
     791
     804
     716
     807
     767
     760
     731
     716
     709
     669
     711
     701
     705
     662
     736
     700
     660
     700
     721
     639
     694
     669
     719
     716
     722
     675
     740
     718
     662
     686
     648
     655
     690
     678
     682
     677
     718
     730
     740
     659
     691
     728
     667
     743
     699
     688
     730
     682
     726
     677
     734
     682
     716
     720
     730
     675
     661
     663
     724
     668
     662
     697
     713
     712
     718
     706
     690
     666
     688
     684
     736
     694
     725
     696
     637
     667
     671
     681
     701
     702
     692
     712
     682
     680
     695
     683
     691
     678
     661
     662
     711
     678
     702
     680
     681
     651
     698
     647
     699
     687
     712
     732
     669
     698
     726
     663
     662
     734
     731
     698
     758
     713
     703
     701
     694
     733
     687
     733
     723
     700
     713
     703
     656
     719
     691
     666
     669
     704
     680
     742
     659
     678
     704
     690
     720
     687
     699
     683
     650
     696
     663
     657
     654
     689
     685
     769
     696
     625
     677
     668
     688
     699
     673
     682
     648
     681
     656
     740
     718
     634
     620
     731
     674
     687
     658
     681
     710
     672
     701
     676
     718
     731
     689
     722
     744
     714
     712
     664
     688
     742
     693
     686
     651
     663
     666
     649
     695
     683
     668
     679
     660
     695
     655
     692
     676
     700
     661
     647
     660
     691
     720
     676
     712
     648
     706
     695
     655
     686
     650
     675
     653
     677
     707
     668
     720
     685
     707
     669
     667
     687
     677
     734
     708
     678
     689
     688
     693
     692
     689
     677
     658
     733
     744
     753
     670
     719
     700
     674
     665
     700
     685
     689
     717
     651
     672
     690
     698
     618
     654
     669
     682
     618
     673
     705
     702
     711
     730
     679
     688
     692
     730
     721
     762
     739
     765
     774
     722
     727
     730
     687
     677
     678
     717
     690
     683
     705
     684
     692
     690
     670
     684
     762
     715
     674
     696
     673
     699
     645
     681
     652
     662
     714
     713
     713
     663
     724
     712
     697
     737
     688
     671
     689
     656
     704
     684
     698
     678
     689
     693
     709
     670
     710
     701
     703
     696
     656
     699
     677
     699
     680
     740
     692
     697
     711
     753
     705
     663
     713
     712
     666
     682
     694
     662
     670
     715
     716
     681
     693
     650
     714
     684
     676
     681
     737
     688
     678
     690
     670
     648
     693
     678
     686
     731
     737
     702
     665
     746
     718
     692
     735
     652
     691
     659
     648
     720
     661
     709
     648
     738
     748
     735
     710
     752
     754
     750
     730
     726
     699
     689
     722
     767
     717
     718
     707
     688
     683
     703
     681
     717
     684
     645
     664
     703
     711
     711
     776
     801
     852
     898
    1093
    1232
    1436
    1771
    1987
    2229
    2392
    2384
    2241
    1988
    1864
    1558
    1263
    1047
     943
     846
     787
     752
     706
     709
     658
     704
     681
     675
     645
     683
     697
     693
     718
     702
     685
     670
     715
     698
     691
     711
     682
     664
     718
     682
     682
     698
     695
     703
     685
     700
     695
     738
     685
     748
     718
     699
     741
     746
     717
     707
     743
     681
     724
     690
     716
     704
     698
     679
     687
     696
     666
     707
     712
     711
     651
     683
     711
     724
     710
     722
     677
     736
     682
     673
     722
     672
     706
     704
     692
     672
     724
     753
     675
     713
     692
     704
     693
     706
     708
     682
     675
     709
     697
     753
     658
     705
     763
     700
     707
     693
     710
     698
     650
     681
     729
     750
     697
     677
     764
     712
     743
     792
     733
     742
     829
     800
     799
     886
     873
     887
     861
     915
     851
     844
     809
     779
     762
     807
     728
     691
     668
     709
     720
     711
     702
     690
     700
     778
     704
     722
     727
     759
     695
     688
     717
     715
     717
     747
     739
     731
     725
     732
     689
     740
     739
     738
     766
     723
     715
     730
     774
     752
     723
     733
     692
     700
     703
     772
     726
     745
     718
     733
     760
     694
     744
     753
     774
     732
     785
     741
     783
     806
     779
     796
     682
     718
     743
     766
     739
     721
     725
     700
     684
     678
     748
     702
     754
     765
     735
     692
     739
     718
     699
     768
     752
     771
     754
     801
     743
     704
     722
     802
     792
     731
     785
     749
     734
     722
     690
     763
     695
     760
     731
     723
     722
     727
     748
     727
     722
     789
     775
     770
     746
     739
     682
     733
     824
     753
     798
     707
     698
     733
     727
     776
     774
     741
     698
     784
     734
     731
     786
     718
     729
     749
     745
     714
     714
     772
     717
     760
     762
     765
     729
     814
     750
     753
     750
     771
     758
     785
     753
     684
     708
     727
     790
     793
     749
     761
     763
     745
     769
     748
     763
     761
     762
     763
     729
     794
     775
     741
     685
     737
     764
     766
     796
     778
     778
     816
     760
     812
     798
     818
     753
     785
     774
     798
     771
     835
     726
     765
     773
     802
     798
     833
     830
     795
     762
     747
     795
     729
     770
     813
     792
     888
     771
     752
     808
     809
     827
     783
     761
     828
     800
     795
     794
     796
     754
     821
     798
     784
     784
     759
     817
     764
     749
     755
     792
     803
     834
     815
     803
     733
     783
     782
     827
     788
     816
     822
     829
     798
     821
     788
     801
     761
     753
     774
     793
     820
     816
     726
     810
     801
     772
     806
     852
     762
     842
     787
     812
     810
     777
     840
     817
     788
     757
     777
     796
     823
     769
     792
     783
     799
     803
     791
     829
     838
     968
     998
    1066
    1203
    1323
    1350
    1310
    1358
    1348
    1247
    1181
    1093
     920
     864
     825
     759
     792
     755
     723
     741
     670
     668
     677
     719
     709
     648
     742
     689
     641
     667
     662
     657
     658
     666
     658
     659
     669
     681
     663
     625
     640
     645
     632
     624
     572
     596
     612
     568
     615
     586
     573
     560
     579
     629
     559
     604
     642
     601
     595
     575
     608
     589
     596
     579
     560
     578
     525
     558
     534
     560
     553
     526
     547
     557
     568
     540
     553
     534
     528
     534
     552
     583
     508
     544
     551
     539
     521
     504
     571
     562
     525
     524
     548
     496
     516
     530
     537
     509
     513
     496
     517
     490
     571
     513
     539
     520
     543
     568
     536
     511
     533
     512
     543
     519
     494
     491
     495
     561
     549
     511
     512
     556
     530
     518
     522
     498
     529
     521
     510
     485
     520
     506
     538
     483
     494
     499
     531
     487
     499
     497
     506
     488
     485
     492
     495
     524
     522
     551
     555
     546
     623
     654
     633
     637
     673
     611
     596
     550
     525
     527
     526
     504
     500
     475
     515
     498
     472
     479
     472
     477
     481
     486
     485
     508
     452
     483
     477
     483
     451
     483
     473
     477
     487
     486
     464
     481
     448
     502
     506
     494
     462
     453
     429
     431
     475
     441
     483
     454
     447
     479
     456
     410
     494
     435
     414
     441
     492
     437
     483
     416
     404
     454
     470
     455
     420
     461
     454
     441
     453
     425
     468
     440
     468
     436
     452
     488
     441
     464
     413
     445
     460
     455
     464
     434
     461
     426
     460
     425
     418
     456
     425
     394
     438
     435
     450
     450
     402
     429
     413
     419
     429
     448
     437
     389
     468
     417
     436
     442
     409
     384
     450
     404
     422
     422
     434
     395
     406
     407
     414
     372
     415
     432
     419
     417
     379
     425
     396
     423
     443
     386
     429
     446
     394
     406
     405
     364
     392
     380
     380
     384
     413
     398
     400
     385
     363
     376
     382
     368
     365
     384
     402
     385
     399
     365
     364
     364
     386
     403
     397
     357
     393
     373
     413
     359
     419
     361
     337
     362
     402
     364
     356
     373
     363
     397
     397
     380
     407
     406
     390
     430
     390
     376
     375
     399
     358
     331
     359
     339
     372
     374
     341
     341
     364
     357
     374
     305
     349
     344
     345
     346
     361
     352
     343
     359
     366
     363
     323
     320
     366
     332
     344
     333
     359
     332
     350
     318
     340
     341
     353
     335
     334
     362
     304
     357
     321
     343
     324
     330
     334
     326
     322
     299
     311
     337
     311
     347
     340
     316
     327
     288
     339
     301
     329
     316
     351
     310
     292
     323
     314
     284
     340
     321
     316
     285
     334
     301
     302
     323
     325
     322
     328
     319
     283
     294
     326
     292
     309
     308
     301
     284
     297
     290
     287
     255
     300
     319
     303
     307
     307
     298
     274
     300
     308
     292
     288
     297
     303
     288
     285
     261
     297
     316
     319
     270
     295
     285
     279
     255
     288
     278
     254
     252
     273
     271
     287
     286
     278
     259
     305
     261
     290
     272
     284
     282
     287
     254
     279
     272
     313
     272
     257
     272
     298
     266
     302
     374
     344
     410
     488
     535
     605
     616
     664
     628
     634
     623
     525
     457
     404
     354
     339
     280
     293
     286
     283
     276
     259
     277
     251
     253
     268
     247
     285
     273
     286
     301
     355
     324
     308
     303
     346
     335
     302
     292
     263
     299
     315
     266
     240
     227
     280
     301
     285
     262
     219
     263
     242
     259
     271
     223
     249
     261
     236
     246
     254
     278
     266
     258
     258
     272
     271
     255
     247
     234
     271
     249
     250
     272
     251
     256
     243
     264
     247
     251
     289
     270
     285
     298
     302
     332
     373
     327
     395
     393
     371
     404
     373
     352
     321
     314
     310
     266
     275
     239
     254
     256
     239
     253
     264
     303
     346
     375
     419
     398
     459
     448
     504
     475
     419
     449
     412
     335
     326
     287
     282
     222
     251
     264
     236
     208
     247
     232
     253
     229
     284
     256
     255
     233
     221
     261
     232
     258
     239
     252
     224
     239
     233
     231
     225
     248
     233
     252
     234
     235
     242
     229
     236
     261
     231
     253
     221
     242
     260
     224
     276
     215
     225
     245
     228
     231
     249
     236
     221
     230
     246
     231
     246
     247
     216
     210
     274
     234
     230
     240
     236
     193
     248
     228
     219
     219
     224
     223
     234
     231
     238
     249
     234
     248
     212
     242
     219
     241
     236
     206
     226
     246
     220
     232
     236
     232
     248
     227
     237
     224
     214
     244
     236
     239
     217
     243
     218
     220
     226
     223
     227
     227
     220
     226
     192
     223
     205
     244
     248
     222
     231
     208
     245
     232
     220
     237
     253
     234
     233
     238
     208
     205
     226
     218
     221
     222
     202
     235
     219
     196
     225
     227
     226
     193
     256
     223
     251
     220
     254
     221
     236
     255
     225
     232
     231
     246
     239
     234
     243
     241
     253
     252
     229
     264
     247
     243
     274
     319
     363
     472
     690
     966
    1485
    2329
    3688
    5414
    7447
   10198
   13084
   15803
   18185
   19793
   19741
   19625
   17746
   15208
   12179
    9488
    6880
    4769
    3022
    1935
    1161
     619
     463
     268
     182
     186
     177
     137
     108
     129
     132
     119
     105
     121
     130
     132
     114
     114
     131
     141
     120
     125
     110
     111
     134
     128
     138
     130
     121
     136
     120
     107
     122
     107
     102
     128
     137
     110
     139
     140
     136
     134
     103
     108
     114
     126
     113
     146
     109
     130
     115
     131
     131
     141
     139
     108
     114
     142
     129
     133
     125
     128
     118
      91
     126
     135
     109
     151
     111
     132
     115
     135
      93
     113
     125
     105
     136
     115
     120
     120
     115
     111
     108
     105
     126
     120
     103
     128
     139
     116
     126
     127
     134
     131
     129
     129
     145
     111
     127
     129
     112
     120
     169
     148
     174
     175
     184
     198
     176
     194
     183
     185
     189
     172
     156
     154
     154
     153
     116
     132
     135
     136
     145
     142
     156
     146
     147
     158
     161
     165
     175
     170
     164
     155
     126
     115
     140
     139
     112
     120
     109
     121
     130
     109
     102
     140
     131
     160
     182
     197
     206
     233
     304
     286
     326
     326
     316
     276
     284
     236
     237
     225
     193
     161
     172
     167
     173
     148
     147
     157
     158
     139
     135
     126
     129
     135
     111
     139
     121
     120
     104
     111
     109
     126
     135
     112
     118
     114
     111
     122
     103
     117
     113
     101
     107
     123
     130
     114
     117
     114
     112
     133
     146
     139
     103
     101
     133
     118
     123
     110
     122
     131
     110
     132
     111
     111
     120
     114
     117
     123
     122
     135
     134
      93
     116
     113
     108
     124
     128
     118
     107
     113
     116
     115
     118
     114
     107
     108
     107
     109
     124
     101
     107
     128
     132
     109
     113
     115
     131
     123
     127
     146
     156
     125
     136
     151
     145
     165
     117
     146
     151
     124
     138
     116
     105
     127
     121
     120
     115
     132
     132
     131
     147
     139
     113
     112
     153
     107
     112
     110
     117
     103
     108
     109
      97
     101
      99
     110
     107
     105
     107
     103
     103
      95
      92
     113
     113
     100
     110
     125
      95
     107
     112
      99
      98
      92
      95
      93
     104
     103
     121
     115
     134
      98
     106
      91
     121
     139
     118
     121
     113
     111
     101
      99
     107
     101
      88
     109
      99
      95
      99
     114
      87
      88
     103
      80
     101
     111
     109
      87
      98
      99
      98
     128
      87
      82
     111
     101
     103
      99
     102
      90
     100
      99
     109
     100
     104
      97
     104
     109
      96
     108
     107
      86
      88
      99
      88
     117
      89
      95
      82
      95
      95
      94
      89
     102
     103
      81
      84
      85
     103
     100
      94
      88
     101
     109
      92
     101
      89
      91
     117
     105
     112
     129
     118
     154
     130
     134
     159
     134
     150
     156
     179
     156
     161
     160
     154
     143
     150
     160
     124
     141
     136
     135
     141
     148
     143
     161
     179
     249
     277
     314
     320
     349
     369
     355
     361
     295
     266
     254
     219
     220
     235
     248
     259
     286
     318
     345
     389
     398
     415
     373
     329
     352
     282
     242
     197
     186
     154
     146
     129
     119
     113
     109
     107
      99
     121
     103
     109
     121
     109
     123
      99
     127
     144
      99
      93
     113
     114
     111
      84
      73
      98
     103
     107
      87
      89
     103
      75
     104
     105
     102
      96
     103
      93
      89
     102
      99
      91
     111
     104
     104
      87
      89
     116
      92
      96
      94
      97
      75
      87
      90
      94
      94
     100
      93
      97
      92
      95
     105
      91
      95
      83
      84
     100
      96
      69
     102
      99
      95
     103
      99
      92
     112
      92
      99
     127
      99
     124
     161
     131
     168
     202
     209
     220
     219
     202
     215
     203
     185
     155
     150
     139
     125
      94
     104
     123
     126
     125
      98
     106
      94
     100
     100
      93
     101
      95
     103
      70
     114
     110
     125
     147
     148
     151
     152
     196
     245
     212
     231
     194
     209
     174
     169
     172
     117
     121
      96
     117
      91
      86
      93
      76
      89
      77
      81
      97
      97
      86
      85
     115
     105
     115
     125
     119
     133
     102
     120
     114
      98
     100
      97
      96
      93
      87
      79
      86
      88
      82
      81
      75
      71
      82
      67
      70
      88
      78
      72
      79
      73
      74
      75
      68
      69
      67
      77
      78
      64
      84
      65
      82
      91
      95
      76
      88
      89
      65
      74
      84
      88
      79
      81
      96
      75
      73
      69
      81
      75
      68
      76
      71
      77
      59
      85
      79
      87
      83
      83
      73
      95
      83
      82
      84
      80
      76
     107
     106
     111
     118
     107
     144
     147
     165
     162
     171
     191
     151
     136
     125
     133
     103
      80
      83
     103
      73
     116
      73
      90
      91
      97
     110
      85
     105
     106
      91
      85
      70
      94
      68
      80
      61
      68
      87
      62
      69
      76
      81
      89
      67
      76
      65
      76
      74
      70
      69
      89
      84
      87
      67
      74
      83
      59
      66
      95
      66
      63
      85
      98
      76
      88
      97
      76
      81
      84
      70
      78
      82
      89
      77
      63
      76
      73
      82
      68
      87
      72
      80
      86
      82
      89
      83
      80
     118
     107
      94
      97
      87
      82
      83
      91
      84
      75
      98
      86
      92
      86
      72
      78
      82
      74
      80
      84
      88
      73
      91
      90
      99
     102
      88
     106
      77
      97
     105
      92
      99
      85
     116
      85
      94
      90
      69
      78
      78
      83
      83
      80
      69
      71
      83
      70
      77
      84
      91
      62
      69
      85
      73
      74
      83
      61
      93
      77
      75
      74
      83
      71
      83
      81
      85
      81
      68
      71
      88
      81
      85
      86
      64
      69
      84
      87
      86
      64
      72
      83
      74
      76
      84
      72
      86
      78
      61
      85
      80
      73
      69
      69
      79
      82
      80
      80
      76
      70
      76
      66
      78
      82
      65
      87
      89
      61
      92
      77
      74
      72
      73
      76
      79
      58
      66
      84
      76
      64
      67
      77
      68
      61
      77
      73
      74
      80
      75
      77
      85
      87
      90
      71
      68
      67
      62
      73
      91
      81
      81
      81
      74
      98
      93
      95
     113
     151
     160
     188
     219
     231
     233
     294
     291
     275
     290
     270
     220
     202
     187
     134
     133
     109
     111
      89
      71
      60
      69
      77
      88
      71
      59
      61
      70
      69
      72
      67
      62
      89
      69
      75
      80
      67
      70
      74
      60
      57
      64
      76
      66
      60
      73
      78
      83
      67
      63
      96
      80
      62
      79
      66
      67
      57
      71
      74
      62
      71
      60
      76
      74
      70
      82
      57
      64
      75
      74
      74
      81
      64
      66
      69
      70
      61
      77
      66
      65
      69
      66
      74
      71
      66
      79
      72
      57
      66
      65
      89
      56
      92
      71
      73
      56
      79
      69
      78
      63
      66
      85
      77
      85
      73
      61
      83
      63
      70
      71
      62
      79
      84
      94
     116
     106
     156
     200
     247
     405
     507
     631
     766
     976
    1131
    1189
    1238
    1303
    1238
    1108
     992
     829
     630
     542
     382
     285
     208
     132
     109
      87
      89
      73
      56
      59
      62
      73
      58
      58
      72
      73
      62
      69
      63
      65
      54
      66
      63
      72
      70
      71
      56
      73
      65
      74
      71
      64
      67
      67
      67
      71
      80
      79
      67
      67
      60
      61
      78
      56
      72
      81
      60
      70
      70
      78
      62
      61
      70
      50
      53
      61
      67
      65
      59
      60
      58
      69
      57
      77
      71
      72
      60
      61
      80
      64
      57
      70
      59
      64
      79
      68
      66
      73
      63
      61
      75
      69
      57
      78
      61
      76
      59
      56
      70
      68
      73
      74
      57
      72
      63
      71
      55
      58
      63
      66
      62
      66
      66
      62
      68
      64
      74
      55
      55
      83
      72
      73
      61
      71
      67
      71
      69
      65
      70
      63
      66
      60
      57
      79
      67
      84
      79
      66
      69
      82
      63
      67
      58
      78
      84
      72
      71
      59
      70
      64
      63
      63
      89
      57
      72
      77
      73
      57
      73
      70
      87
      58
      72
      59
      65
      55
      74
      65
      69
      64
      67
      75
      60
      64
      58
      72
      78
      47
      55
      68
      60
      57
      58
      73
      71
      59
      77
      59
      69
      66
      69
      60
      54
      73
      58
      62
      58
      64
      67
      68
      64
      49
      61
      71
      65
      62
      68
      85
      69
      53
      87
      75
      66
      59
      63
      62
      59
      50
      60
      64
      63
      68
      74
      72
      70
      72
      52
      66
      53
      70
      75
      65
      55
      64
      60
      60
      57
      64
      74
      65
      73
      70
      58
      61
      82
      73
      69
      90
      67
      66
      93
      81
      91
      90
      82
      87
      97
      75
      74
      78
      63
      93
      66
      68
      68
      63
      58
      78
      66
      75
      71
      65
      73
      87
      67
      86
      75
      92
      97
     107
     142
     141
     186
     222
     219
     213
     197
     217
     191
     196
     153
     155
     121
     101
      91
      80
      62
      73
      68
      69
      71
      59
      76
      64
      61
      63
      64
      74
      57
      66
      75
      70
      72
      80
      63
      67
      67
      65
      65
      66
      61
      79
      76
      71
      80
      66
      73
      63
      55
      78
      66
      84
      57
      76
      70
      61
      80
      59
      68
      60
      61
      51
      85
      62
      70
      81
      67
      61
      69
      70
      67
      62
      70
      65
      77
      58
      50
      84
      50
      70
      75
      54
      61
      56
      80
      80
      72
      87
      86
      70
      76
      83
      76
      95
      86
      73
     104
      72
      63
      75
      82
      63
      88
      68
      72
      59
      73
      73
      75
      64
      70
      77
      60
      76
      65
      70
      64
      75
      61
      78
      66
      60
      72
      66
      77
      63
      74
      59
      65
      62
      51
      62
      74
      59
      65
      64
      77
      65
      72
      62
      77
      64
      78
      69
      73
      54
      86
      78
      56
      75
      67
      58
      56
      81
      64
      61
      64
      66
      67
      67
      63
      75
      68
      50
      75
      73
      83
      86
      79
      73
      80
      69
     101
      70
      71
      77
      71
      63
      70
      53
      93
      49
      75
      90
      82
      57
      70
      72
      63
      76
      64
      60
      70
      67
      72
      73
      69
      78
      66
      58
      76
      63
      70
      82
      63
      68
      79
      70
      69
      70
      70
      71
      75
      63
      47
      69
      74
      72
      56
      57
      54
      56
      66
      67
      71
      69
      51
      65
      76
      64
      59
      58
      71
      66
      62
      61
      68
      54
      77
      82
      76
      75
      74
      63
      83
      66
      68
      74
      65
      65
      70
      66
      67
      63
      88
      72
      67
      65
      66
      73
      65
      67
      61
      61
      61
      70
      63
      72
      62
      68
      53
      72
      77
      79
      63
      61
      61
      68
      83
      61
      59
      71
      70
      59
      71
      74
      70
      68
      68
      62
      58
      63
      59
      86
      59
      66
      73
      68
      80
      71
      69
      77
      71
      71
      83
      76
      72
      71
      66
      76
      69
      61
      72
      70
      74
      85
      66
      74
      77
      71
      83
      79
      81
      72
      63
      69
      63
      69
      61
      62
      63
      65
      58
      63
      67
      57
      63
      63
      59
      60
      61
      64
      66
      65
      73
      76
      74
      61
      74
      67
      73
      72
      59
      66
      66
      84
      50
      69
      69
      74
      90
      65
      65
      79
      85
      71
      67
      65
      66
      73
      51
      73
      74
      77
      62
      80
      68
      66
      70
      77
      58
      59
      64
      68
      67
      73
      59
      78
      80
      54
      64
      60
      67
      59
      61
      76
      65
      74
      47
      65
      64
      77
      59
      78
      65
      62
      56
      58
      64
      60
      69
      66
      63
      73
      72
      62
      82
      77
      60
      65
      66
      80
      82
      77
      73
      70
      66
      64
      65
      69
      61
      68
      69
      54
      64
      57
      67
      62
      70
      72
      62
      37
      51
      63
      64
      47
      57
      68
      59
      68
      73
      66
      52
      56
      55
      44
      65
      71
      58
      71
      67
      75
      71
      66
      64
      69
      62
      63
      73
      65
      61
      79
      70
      62
      47
      71
      63
      48
      66
      59
      67
      67
      49
      54
      62
      66
      57
      50
      56
      65
      56
      80
      54
      76
      66
      43
      58
      66
      69
      62
      55
      62
      69
      58
      61
      51
      66
      52
      57
      70
      62
      65
      51
      59
      69
      63
      57
      60
      65
      73
      63
      74
      54
      69
      64
      53
      57
      60
      65
      57
      58
      58
      58
      53
      64
      51
      64
      61
      63
      65
      77
      65
      51
      65
      60
      60
      61
      53
      78
      62
      61
      49
      56
      56
      73
      68
      67
      63
      75
      57
      64
      65
      52
      59
      57
      51
      61
      81
      66
      66
      57
      54
      59
      61
      57
      67
      68
      60
      68
      61
      68
      63
      65
      66
      49
      59
      61
      53
      57
      61
      39
      62
      69
      78
      78
      64
      63
      67
      63
      61
      43
      48
      61
      74
      55
      53
      54
      62
      56
      53
      60
      53
      50
      68
      53
      75
      66
      65
      55
      66
      55
      50
      68
      58
      70
      46
      60
      52
      58
      60
      47
      60
      61
      65
      68
      62
      51
      71
      55
      49
      55
      66
      61
      61
      58
      56
      57
      58
      61
      52
      57
      55
      52
      55
      39
      73
      51
      58
      55
      69
      60
      48
      44
      59
      60
      60
      62
      57
      52
      56
      54
      60
      52
      48
      62
      58
      69
      56
      43
      47
      72
      71
      60
      77
      44
      52
      64
      61
      57
      52
      64
      56
      58
      57
      57
      56
      76
      55
      53
      54
      65
      56
      66
      58
      64
      63
      61
      68
      66
      65
      69
      72
      65
      67
      63
      48
      54
      52
      59
      66
      46
      60
      44
      45
      62
      47
      60
      61
      60
      63
      46
      58
      52
      58
      44
      53
      59
      51
      63
      51
      55
      54
      52
      62
      67
      53
      59
      49
      59
      46
      63
      60
      59
      56
      45
      62
      58
      53
      48
      64
      52
      67
      48
      54
      72
      45
      65
      48
      58
      55
      72
      51
      57
      51
      54
      56
      76
      55
      59
      67
      45
      58
      56
      50
      54
      60
      53
      64
      65
      60
      54
      52
      47
      50
      64
      65
      44
      71
      47
      53
      51
      66
      59
      40
      52
      59
      46
      53
      58
      48
      55
      52
      65
      60
      63
      57
      56
      50
      62
      64
      53
      65
      51
      55
      60
      56
      61
      65
      48
      56
      56
      75
      59
      77
      63
      64
      71
      59
      54
      44
      50
      62
      71
      43
      58
      49
      52
      62
      56
      56
      55
      67
      78
      58
      60
      57
      44
      64
      58
      49
      66
      76
      69
      66
      80
      70
      84
      98
     108
     122
     159
     157
     179
     212
     225
     280
     291
     267
     313
     300
     326
     312
     314
     262
     231
     208
     202
     182
     142
     122
     121
     106
      72
      82
      71
      69
      82
      65
      72
      64
      66
      60
      64
      76
      52
      55
      60
      65
      53
      50
      58
      54
      69
      53
      50
      60
      56
      58
      72
      53
      71
      70
      85
     107
      90
     132
      94
     117
     124
     132
     125
     134
     144
     135
     120
     103
     117
      92
      77
      63
      80
      71
      64
      52
      72
      62
      54
      47
      48
      51
      60
      59
      51
      61
      70
      55
      54
      73
      69
      73
      48
      56
      57
      53
      51
      63
      51
      60
      43
      63
      50
      69
      48
      54
      64
      50
      66
      61
      66
      61
      60
      49
      59
      67
      56
      55
      44
      64
      68
      73
      62
      43
      48
      51
      58
      59
      60
      60
      62
      67
      47
      50
      62
      54
      64
      62
      54
      47
      52
      60
      66
      62
      75
      62
      51
      73
      63
      67
      59
      49
      61
      63
      70
      46
      68
      54
      64
      61
      46
      55
      68
      66
      60
      66
      67
      53
      53
      52
      55
      50
      69
      57
      62
      59
      67
      61
      58
      58
      70
      64
      51
      60
      77
      68
      49
      71
      60
      52
      65
      58
      63
      59
      70
      50
      61
      71
      69
      39
      59
      61
      53
      57
      63
      51
      58
      59
      73
      66
      55
      41
      70
      53
      56
      54
      48
      66
      49
      38
      59
      47
      72
      60
      47
      45
      55
      58
      45
      63
      60
      56
      74
      45
      49
      66
      52
      56
      63
      55
      73
      56
      60
      57
      58
      55
      47
      74
      55
      70
      53
      61
      59
      68
      64
      60
      51
      63
      70
      50
      55
      64
      75
      57
      56
      51
      59
      59
      68
      54
      58
      58
      53
      68
      48
      57
      71
      52
      72
      65
      58
      53
      68
      59
      59
      56
      61
      60
      47
      57
      51
      48
      58
      57
      58
      66
      53
      68
      62
      77
      58
      61
      57
      62
      66
      77
      56
      72
      61
      61
      52
      43
      71
      68
      59
      61
      67
      73
      63
      52
      55
      80
      51
      56
      54
      64
      66
      56
      59
      48
      72
      57
      66
      56
      63
      57
      62
      61
      65
      62
      72
      80
      71
     105
     106
     132
     177
     228
     247
     269
     310
     334
     354
     356
     385
     366
     318
     288
     291
     240
     192
     164
     143
     114
     112
      98
      83
      80
      66
      67
      67
      56
      52
      55
      68
      52
      63
      60
      57
      63
      55
      56
      59
      67
      49
      58
      69
      63
      72
      65
      77
      76
      59
      60
      58
      61
      72
      60
      63
      55
      69
      44
      75
      59
      69
      70
      61
      69
      49
      63
      72
      62
      46
      62
      65
      46
      59
      56
      77
      53
      51
      72
      79
      56
      55
      66
      67
      58
      64
      56
      57
      49
      56
      71
      72
      68
      57
      52
      57
      66
      72
      59
      38
      60
      65
      54
      65
      64
      72
      63
      70
      75
      55
      57
      61
      65
      57
      63
      52
      57
      51
      59
      44
      65
      51
      76
      58
      79
      69
      60
      48
      63
      56
      51
      73
      61
      66
      51
      56
      61
      55
      64
      63
      73
      66
      54
      57
      52
      64
      76
      65
      51
      56
      81
      55
      66
      63
      58
      58
      46
      59
      57
      56
      61
      64
      63
      61
      68
      60
      66
      76
      64
      48
      59
      58
      61
      66
      65
      63
      73
      64
      59
      71
      53
      63
      67
      76
      66
      64
      73
      75
      55
      70
      64
      66
      61
      68
      56
      56
      87
      57
      58
      72
      66
      75
      62
      62
      59
      64
      80
      77
      75
      61
      57
      73
      62
      79
      61
      69
      74
      61
      68
      59
      62
      64
      59
      68
      61
      64
      65
      65
      68
      68
      82
      62
      53
      59
      54
      73
      61
      71
      53
      63
      71
      66
      64
      59
      61
      67
      70
      56
      59
      61
      93
      68
      66
      68
      48
      57
      61
      75
      78
      63
      55
      73
      64
      62
      62
      53
      65
      57
      75
      70
      70
      58
      66
      80
      57
      63
      60
      76
      58
      65
      77
      59
      75
      69
      83
      69
      64
      84
      69
      55
      63
      68
      58
      52
      59
      67
      55
      57
      65
      56
      60
      81
      55
      72
      58
      77
      70
      83
      73
      82
      73
      71
      72
     105
      74
      86
      87
      83
      86
      83
      83
      78
      70
      65
      75
      66
      77
      69
      73
      66
      62
      63
      62
      90
      75
      66
      67
      63
      79
      74
      62
      73
      75
      71
      74
      79
      77
      60
      78
      61
      64
      77
      56
      56
      55
      64
      69
      84
      58
      62
      84
      81
      65
      61
      86
      90
      72
      63
      69
      79
      68
      62
      85
      58
      79
      77
      71
      72
      69
      73
      61
      56
      71
      59
      70
      61
      70
      65
      86
      80
      81
      66
      59
      83
      70
      82
      74
      62
      75
      69
      83
      77
      54
      63
      85
      71
      74
      72
      52
      74
      72
      82
      57
      61
      78
      73
      87
      67
      52
      67
      81
      73
      54
      79
      81
      70
      68
      69
      64
      83
      61
      78
      79
      78
      63
      57
      64
      63
      84
      67
      86
      80
      69
      75
      60
      72
      87
      59
      80
      78
      55
      74
      62
      66
      78
      54
      79
      60
      62
      68
      66
      84
      60
      55
      81
      72
      72
      71
      80
      72
      77
      76
      64
      75
      72
      89
      65
      67
      66
      63
      65
      75
      72
      78
      86
      76
      81
      67
      67
      76
      72
      70
      76
      54
      65
      75
      77
      80
      68
      67
      68
      73
      72
      97
      85
      62
      88
      82
      73
      74
      78
      77
      63
      68
      66
      71
      77
      66
      78
      79
      91
      86
      88
      90
      75
      92
      71
      80
      80
      70
      74
      76
      83
      76
      83
      93
      82
      73
      77
      87
      73
      77
      85
      73
      83
      96
      81
      85
      84
      93
      85
      81
      95
      99
      72
      83
      83
      78
      82
      76
      66
      87
      85
      84
      86
      84
      80
      71
      79
      76
      81
      74
      74
      98
      75
      93
      77
      88
      95
      92
      99
      85
      84
      89
      66
      54
      91
      65
      82
      82
      73
      61
      77
      76
      82
      74
      90
      55
      68
      77
      80
      82
      68
      62
      69
      76
      58
      73
      71
      56
      53
      74
      63
      77
      81
      67
      73
      77
      67
      70
      62
      53
      78
      71
      62
      66
      49
      72
      53
      57
      67
      57
      53
      60
      54
      71
      61
      60
      52
      59
      66
      61
      54
      60
      69
      56
      52
      62
      56
      61
      51
      63
      48
      57
      49
      41
      39
      42
      51
      45
      54
      51
      41
      44
      46
      49
      58
      55
      52
      44
      41
      51
      33
      46
      51
      47
      57
      50
      44
      56
      61
      55
      59
      57
       1
       0
$ROI:
0
$PRESETS:
None
0
0
$ENER_FIT:
0.000000 0.293177
$MCA_CAL:
3
0.000000E+000 2.931768E-001 0.000000E+000
$SHAPE_CAL:
3
0.000000E+000 0.000000E+000 0.000000E+000
