$SPEC_ID:
No sample description was entered.
$SPEC_REM: 
DET# 1 
DETDESC# 1#GB 
AP# GammaVision Version 6.08 
$DATE_MEA: 
09/29/2022 11:47:52
$MEAS_TIM: 
23033 23033
$DATA: 
0 8191
       0
      10
       5
       0
       0
      12
       7
       0
       0
      14
      10
       0
       0
      16
      13
       0
       0
      20
      18
       0
       0
      25
      27
       0
       0
      33
      44
       0
       0
       2
       0
       0
       0
       0
      12
      63
       0
       0
       0
       0
       0
       0
       0
       0
       0
       0
       0
       0
       0
       0
       0
       0
       0
       0
       0
       0
       0
       0
      30
       2
       0
       0
       0
       0
       0
       0
       0
       0
       0
       0
       0
       0
       0
       0
       0
       0
       0
       0
       0
       0
       0
       0
       0
       0
       0
       0
       0
       0
       0
       0
       0
       0
      35
      61
       0
       0
       0
      86
     142
      54
       0
       0
       0
       0
       0
       0
       0
       0
       0
       0
       0
     108
      87
       0
       0
       4
     295
     226
       0
       0
       0
       0
       0
       0
       0
       0
       0
       0
       0
       0
       0
       0
      67
       0
       0
       0
     124
     110
       0
       0
       0
       0
       0
       0
       0
       0
       0
       0
       0
      45
       0
       0
       0
      14
      74
       0
       0
       2
     202
     342
     265
       0
       0
       0
       0
       0
       0
       0
       0
       0
       0
       0
       0
      54
     131
       0
       0
       0
       0
      38
       0
       0
       9
     222
      79
       0
       0
       0
       0
       0
       0
       0
       0
       0
       0
       0
       0
       0
       0
      14
     131
       0
       0
       0
     216
     200
       0
       0
       0
       0
       0
       0
       0
       0
       0
       0
       0
       0
       0
       0
       0
       0
       0
       0
       0
       3
       0
       0
       0
       0
       0
       0
       0
       0
       0
       0
       0
      78
       0
       0
       0
       0
       0
       0
       0
       0
       0
       0
       0
       0
       0
       0
       0
       0
       0
       0
      15
      42
       0
       0
       0
       0
       0
       0
       0
       0
       0
       0
       0
       0
       0
       0
       0
       0
       0
      46
       0
       0
       0
       0
       0
       0
       0
       0
       0
       0
       0
       0
     134
     110
       0
       0
       0
       0
       0
      20
      38
       0
       0
       0
       0
       0
       0
       0
       0
       0
       0
       0
       0
       0
       0
       0
       0
       0
       0
       0
       0
       0
       0
       0
       0
       0
       0
       0
       0
       0
       0
       0
       0
       0
       0
       0
       0
       0
       0
       0
       0
       0
       0
       0
       0
       0
       0
       0
       0
       0
       0
       0
       0
       0
       0
       0
       0
       0
       0
       0
       0
       0
       0
       0
       0
       0
       0
       0
       0
       0
       0
       0
       0
     111
     179
       0
       0
       0
       0
       0
       0
       0
       0
       0
       0
       0
       0
       0
       0
       0
       0
       0
       0
     167
     231
       0
       0
       0
       0
       0
       0
       0
       0
      32
       0
       0
       0
       0
       0
       0
     100
     104
       0
       0
       0
       0
       0
       0
       0
       0
       0
       0
       0
       0
       0
       0
       0
       0
       0
       0
       0
      18
       5
       0
       0
       0
       0
      17
       4
       0
       0
       0
       0
       0
       0
       0
       0
       0
       0
       0
      90
     141
       0
       0
       0
     170
      93
       0
       0
      20
       0
       0
       0
     129
      99
       0
       0
     210
     145
       0
       0
       0
       0
       0
       0
       0
       0
       0
       0
       0
      90
      99
       0
       0
       0
       2
       0
       0
       0
       0
       0
       0
       0
       0
       0
       0
       0
       0
       0
      24
     136
      69
       0
       0
       0
       0
       0
       0
       0
       0
       0
       0
       0
       0
       0
       0
       5
      55
     107
     131
     115
      96
     116
     135
      89
      24
      44
      96
       0
       0
       0
       0
       0
       0
       0
       0
      50
     352
     398
     271
     173
     151
     126
      43
       0
       0
       0
       0
       0
       0
       0
       0
      98
      66
       0
      10
     218
     323
     178
       0
       0
       0
       0
       0
       0
     181
     135
       0
       0
       0
      92
     199
     159
     124
     125
      65
       0
       0
       0
       0
       0
       0
       0
       0
     157
     140
       0
       0
     132
     307
     227
       0
       0
       0
       0
       0
       0
     111
     242
     131
       0
       0
       0
       0
       0
     104
     350
     349
      58
       0
       0
       4
       0
       0
       0
      67
     119
      21
       0
     140
     302
     247
      38
       0
      76
     252
     254
     120
      84
     246
     428
     413
     226
      78
      68
     100
      91
      78
      84
      46
       0
       0
     118
     261
     262
     200
     206
     221
     117
       0
      13
     189
     281
     221
     186
     249
     229
      16
       0
       0
       0
      25
       0
       0
     171
     272
     162
      21
      53
     187
     226
     160
     137
     188
     181
      70
       3
      90
     210
     168
       0
       0
       0
       0
       0
      36
      39
       3
       1
      96
     211
     191
      32
       0
       0
      43
      25
       0
       0
      29
       0
       0
       0
       0
      28
       8
       4
      87
     174
     190
     176
     184
     170
      88
       0
       0
      51
     102
      86
      36
      14
      39
      84
     107
     103
      96
      91
      65
      15
       0
       0
       0
       0
       0
      51
      86
      27
      46
     217
     323
     166
       0
       0
     143
     238
     100
       0
     133
     315
     291
     114
       1
       0
       7
      14
      78
     170
     196
     136
      47
       0
       0
       0
       0
      30
      80
      75
      48
       2
       0
       0
       0
       0
       0
      65
     143
     144
     111
     113
     110
       4
       0
       0
       0
     170
     255
     218
     112
       0
       0
       0
       0
      15
       0
       0
      46
     134
      46
       0
       0
       0
       0
       0
       0
      36
      40
       0
       0
       0
      81
     138
     128
      64
       0
       0
       0
       0
       0
       0
       0
       0
       0
       0
      15
      44
       0
       0
       0
      72
     178
      60
       0
       0
       0
      32
     133
     161
     122
      45
       0
       0
       0
       0
       0
       0
       0
       0
       0
      66
      99
      12
       0
       0
       0
       0
       0
       0
       0
       0
       0
       0
      65
     142
     116
      18
       0
       0
       0
       0
       0
      19
     214
     229
      19
       0
       0
       0
       0
       0
      13
      16
      36
      58
      43
       0
       0
       0
      63
     130
     107
      67
      85
     106
      34
       0
       0
       0
       0
       0
      67
     114
      57
       0
       0
       0
       0
       0
       2
      65
      54
       0
       0
       0
       0
       0
     120
     183
     105
       0
       0
      19
       0
       0
       0
       0
       1
       0
       0
       0
      23
       0
       0
       0
       0
       0
       0
       0
       0
       0
       0
       5
       2
       0
       0
       0
       9
      42
       0
      12
      99
     141
      83
       0
       0
       0
       0
       0
       0
       0
       0
       0
       4
      14
       0
       0
       0
       0
       0
      15
      51
      44
       0
       0
       0
      60
      65
       0
       0
       0
      63
     161
      93
       0
       0
       0
       0
       0
       0
       0
      60
      43
       0
       0
       0
       0
       0
      41
     138
     143
      39
       0
       0
      53
     118
     101
      45
       4
       0
       0
       0
       0
       0
       0
       0
       0
       0
       0
      72
     226
     187
      59
       0
      11
      10
       0
       0
       0
       0
       0
       0
       0
      50
     144
     125
      50
       0
       0
       0
      49
     118
     110
       0
       0
       0
      13
     120
      96
      21
       0
       0
       0
       0
       0
      16
      13
       0
       0
       0
      54
      48
       0
       0
       0
       0
       0
      36
      42
      28
      12
       0
       0
       0
       0
      18
      33
       0
       0
      62
     120
      95
      49
      44
      38
       0
       0
       0
      19
      45
      13
       0
       0
       0
       0
       0
      16
     106
     154
     120
      46
      12
      34
      39
       0
       0
       0
       0
       0
       0
       0
      53
      82
      14
       0
       0
      11
       0
       0
      77
     157
     115
       3
       0
       0
      23
       0
       0
       3
      45
      44
      15
       6
      20
      29
      26
      21
       6
       0
       0
      37
     154
     202
     108
       0
       0
       0
       0
       0
       0
      48
      59
       0
       0
       0
       0
       0
       0
       0
       0
       0
       4
      36
      33
       0
       0
       0
       0
       0
       0
      11
     130
     121
       0
       0
       0
      68
      23
       0
       0
      25
      20
       0
       0
      28
       0
       0
       0
      40
      79
       0
       0
      28
     158
     133
      14
       0
       0
       0
       0
       0
      20
      98
      55
       0
       0
       0
       0
       0
       0
       0
      32
     105
      63
       0
       0
       0
      85
     149
     111
      19
       0
       0
      29
      37
       0
       0
       0
      90
     132
     102
      62
      31
       0
       0
       0
      40
     121
      83
      32
      77
     137
      72
       0
       0
      34
      99
      37
       0
      46
     132
     119
      46
       8
       0
       0
       0
       0
      43
      41
       7
      21
      56
      21
       0
       0
       2
      46
       0
       0
       0
       0
      62
      82
      65
       6
       0
       0
       0
      12
      62
      52
      37
      58
      93
     106
      86
      39
       0
       0
       0
       0
      32
      62
       5
       0
       0
       0
      45
      76
      78
      72
      65
      71
      97
     103
      42
       0
       0
      27
      74
      12
       0
       0
      44
     102
      71
       6
       0
       0
       0
      39
      83
      45
       0
       0
       0
       0
       0
       0
       0
       0
       0
      84
     130
      62
       0
       0
      30
      63
      14
       0
      16
      45
      19
      11
      71
     123
      90
      41
      73
     141
     117
       0
       0
       0
      48
      90
      64
      26
      20
      39
      52
      41
      13
       0
       0
       0
       0
       0
      33
      27
      23
      64
     111
      95
      40
      39
     106
     158
     136
      80
      42
      20
       4
      13
      30
       7
       0
       0
      14
      61
       7
       0
       0
       0
       3
       0
       0
       0
       0
       0
      60
      78
      40
       0
       0
       0
      17
      19
       2
       0
       6
      73
     127
     112
      63
      59
      95
      99
      70
      74
     108
      94
      40
      42
      99
      83
       0
       0
       0
      86
      52
       0
       0
      96
     106
       0
       0
       0
      47
     107
     125
     116
      78
      33
      25
      40
      28
       0
       6
      53
      89
     100
     114
     124
     101
      70
      75
      89
      58
      19
      47
     101
      60
       0
       0
       0
      29
       0
       0
       0
      51
     104
      55
       0
       3
      47
      61
      27
       0
       0
       0
       1
      28
      40
      41
      39
      42
      61
      89
     102
      83
      54
      40
      29
       4
       0
      19
      52
      25
       0
       0
      41
     113
      88
      20
       6
      35
      17
       0
       0
      20
      93
      60
       0
       0
      36
      95
      64
       0
       0
       0
       0
       0
       0
      40
      27
       0
      31
      72
      20
       0
       0
       0
     116
     139
      84
      43
      42
      57
      72
      69
      26
       0
       3
      84
     115
      55
       1
      31
      82
      76
      42
      39
      43
      21
      20
      76
     115
      71
       6
      17
      76
      95
      75
      78
      99
      96
      90
     117
     135
      92
      32
      29
      62
      71
      72
      94
      90
      30
       4
      75
     136
      75
       0
      60
     181
     158
      29
      24
     169
     230
     109
       0
      46
     120
      73
       0
      18
     121
     173
     156
     123
      62
       0
       0
      50
     153
     128
      25
       0
      41
      93
     110
     118
     104
      47
       6
      48
     121
     114
      24
       0
       0
      72
     118
     113
      75
      35
      30
      69
     108
      98
      57
      41
      60
      82
      80
      55
      22
       9
      30
      52
      28
       0
       0
      22
      47
      16
       0
      54
     121
     125
      78
      33
       0
       0
       0
      14
      77
      68
      18
       0
       0
       0
       0
      52
     143
     112
       0
       0
       0
      15
      21
       0
       0
      13
      50
      40
       7
       0
       0
       0
       0
       6
      38
      73
      65
       7
       0
       0
       0
       0
       0
       0
       0
       0
       0
       0
       0
      62
      65
       9
       0
       0
       0
       0
       0
       0
       0
       1
      51
      69
      63
      42
      11
       0
      12
      38
      35
      16
      26
      53
      39
       0
       0
       0
      36
       4
       0
       0
       0
      44
      45
       0
       0
       0
       0
       8
       0
       0
      52
     111
     102
      40
       7
      22
      19
       0
       0
       0
       0
      26
      13
       0
       0
       0
       0
       5
       0
       0
       0
      42
     121
      67
       0
       0
       3
      92
      95
      46
      22
      37
      48
      21
       0
       0
       0
      58
      62
      11
       0
      50
     116
     106
      37
       0
       0
       0
       8
      29
      29
       3
       1
      54
      97
      53
       0
       0
      44
     100
      55
       0
       0
       5
      60
      57
      11
       0
       3
      42
      50
      32
      36
      69
      77
      33
       0
       0
       0
       0
       0
      33
      82
      49
       0
       0
      11
       0
       0
       0
      52
      72
      18
       0
      37
      49
       0
       0
      35
     116
      92
       3
       0
      16
      65
      80
      81
      72
      37
       2
       7
      41
      46
      13
       0
       0
      22
      40
      34
       7
       0
       0
      22
      37
       0
       0
       0
      11
      20
       0
       0
       0
      20
       0
       0
       0
       0
       0
       0
       0
       0
      23
      15
      10
      28
      48
      50
      39
      20
       0
       0
       0
      17
      34
      35
      44
      57
      50
      32
      36
      46
       3
       0
       0
       0
      19
      16
       0
       0
      15
      32
       0
       0
       0
       3
      10
       0
       0
      30
      56
      40
       8
       0
       0
       6
       0
       0
       0
       0
       0
       0
       0
       0
      27
      73
      64
      30
       5
       0
       0
       0
       0
      10
      44
      47
      41
      20
       0
       0
       0
      20
      14
       0
      11
      23
       0
       0
       0
       0
      14
       7
      10
      39
      66
      68
      46
       3
       0
       0
      24
      66
      15
       0
       0
       0
      56
      23
       0
       0
      29
      43
      11
       0
       0
       0
       0
       0
       0
      49
      98
      97
      25
       0
       0
       0
       0
       0
       0
       0
       0
       0
       1
       2
       0
       1
      29
      24
       0
       0
       0
      13
       0
       0
       0
      17
      38
       1
       4
      70
      87
       2
       0
       0
      32
      49
      12
       4
      22
      11
       0
      28
      86
      61
       0
       0
       0
      46
      44
       0
       0
       0
      37
      48
      21
       4
       7
       4
       0
       0
       0
       0
       0
       0
       0
      11
      48
      78
      96
      94
      68
      37
      32
      48
      47
      14
       0
       0
       0
       0
       0
       2
       9
       0
       0
       1
      53
      54
      26
       4
       0
       0
       0
       0
       0
      29
       0
       0
       0
      16
      32
       0
       0
      49
      86
      43
       0
      12
      44
      41
      17
       1
       0
       0
       0
      17
      59
      27
       0
       0
       0
       0
       0
       0
       0
       0
       1
      31
      39
       0
       0
       0
      26
      66
      31
       0
      16
      41
       8
       0
       0
       0
       1
       0
       0
       0
       0
       0
      36
      63
       8
       0
       0
       0
      21
       0
      13
      70
      67
       0
       0
       0
       7
      26
       0
       0
       0
      16
       9
       0
       0
       0
      27
      28
       1
       0
       0
      36
      65
      38
       0
       0
       0
       0
       0
       0
      13
      63
      52
      11
       2
      19
       8
       0
       0
       7
      52
      38
       0
       0
      10
      36
      33
      23
      23
      20
       9
       7
      24
      29
       4
       0
       0
       6
      43
      63
      65
      50
      25
      11
      25
      49
      54
      32
       1
       0
       0
       0
       0
       0
       0
       0
       0
       0
       0
       0
       0
      39
      85
      75
      23
       0
       2
      36
      56
      56
      44
      21
       0
       0
       0
      18
      16
       0
       0
       0
       0
       0
       0
       0
      33
     107
     127
     172
     366
     750
    1287
    1945
    2704
    3460
    4000
    4152
    3920
    3435
    2808
    2099
    1393
     813
     432
     218
     105
      67
      86
      96
      38
       0
       0
       0
      14
       0
       0
       0
       0
      19
      36
      13
       0
       0
       0
      26
      58
      30
       0
       0
       0
       0
       0
       0
       6
       0
       0
       0
      33
      41
       0
       0
       0
      11
      16
       0
       0
       0
       0
       0
       0
       0
       0
      12
      55
      57
       9
       0
       0
       1
       5
       0
      15
      36
      26
       9
      27
      54
      34
       0
       0
       7
       3
       0
       0
       0
       0
       0
       0
       2
       9
       0
       8
      48
      40
       0
       0
       0
      52
      19
       0
       0
       0
      60
      26
       0
       0
       0
       0
       0
       0
      28
       5
       0
       0
       0
      53
      54
       3
       0
       0
       0
       0
       0
       0
       0
       0
       0
       0
       0
       0
       0
       0
       0
       0
       0
       0
      10
       0
       0
       0
       6
       0
       0
       0
      12
      11
       0
       0
       4
      14
       0
       0
       0
      39
      21
       0
       0
       0
       0
       0
       0
       0
       0
       0
       0
       0
       0
       0
       0
       0
       0
      18
      13
       0
       0
       0
      10
       3
       0
       0
       5
      54
      53
      39
      36
       0
       0
       0
       0
      40
      36
       0
       0
       0
      39
       0
       0
       0
      14
      21
       0
       0
       4
       3
       0
       0
      35
      64
       0
       0
       0
      15
       0
       0
       0
      37
      48
       0
       0
       0
      27
      45
      21
       2
       0
       0
       0
      27
      52
       0
       0
       0
       0
       0
       0
       0
       0
       0
       0
       0
      15
      26
       5
       0
       0
       0
       0
       0
       0
       0
      19
       0
       0
       0
       0
       2
      20
      29
      32
      21
       5
       5
      17
       7
       0
       0
       0
       0
      34
      59
      78
      73
      28
       0
       0
       0
       0
       0
       0
       0
      13
       2
       0
       0
       0
      11
      26
      16
       9
       1
       0
       0
       8
      24
       8
       0
       1
      15
       0
       0
       0
       0
       5
       9
       4
      13
       8
       0
       0
       0
       0
       1
       0
       0
       0
       0
       0
       0
      14
       7
       0
       0
       9
      39
      19
       0
       0
       0
       0
       0
       0
      36
      60
      32
       0
       0
       0
       6
      39
      48
      21
       0
       0
       0
       0
       0
       0
       0
       0
       0
       0
       0
       0
       0
      27
      12
       0
       0
       0
      17
      30
       0
       0
      24
      39
      18
      14
      42
      42
       0
       0
       0
       0
       0
       0
       0
       4
       0
       0
       0
      58
      86
      30
       0
       0
       0
       0
       0
      10
       1
       0
       0
       0
       3
       0
       0
      15
      73
      59
       0
       0
       0
       0
       0
       0
      19
      40
      21
       0
       0
       0
       0
       0
       0
       0
       0
      24
      60
      13
       0
       0
       0
       0
       0
       0
       0
      21
      24
       0
       0
       0
       0
       0
       0
       0
       0
       0
       0
       0
       0
       1
       0
       0
      34
      38
       0
       0
       0
      21
       0
       0
       0
       0
       0
       0
      24
      71
      71
      11
       0
       0
       0
       0
       0
       0
      17
      17
       0
       0
      16
      68
      64
       1
       0
       0
       0
       0
       0
       0
       0
       0
       8
       0
       0
       0
       0
       0
       0
       0
       5
      30
      17
       0
       0
       5
      25
       8
       0
       0
       0
       0
       0
       0
       0
       0
      16
      31
      23
       3
       0
       4
       6
       0
       0
       0
       0
       0
       0
       0
       0
       0
       0
       0
       0
       0
       0
       8
      38
      21
       0
       0
       0
       0
       0
       0
      25
      25
       0
       0
       0
       0
       9
       0
       0
       0
       0
       0
       0
       0
       0
       6
      43
      30
       0
       0
       0
       4
       0
       0
       8
      61
      61
       6
       0
       0
       0
       0
      16
      20
       6
       0
      14
      35
      24
       0
       0
       0
      30
      26
       0
       0
       0
       0
       0
       0
       0
       0
       0
      15
       0
       0
       0
      27
       0
       0
       0
       0
      27
       3
       0
       0
      26
      33
      31
      46
      48
       9
       0
       0
       0
       0
       0
       0
       0
       0
       0
       0
      34
      50
      25
       7
      27
      48
      28
       0
       0
       0
      16
       6
       0
       0
       0
       0
      20
      17
       0
       0
       0
       0
       0
       0
       0
      33
      52
      47
      40
      29
       0
       0
       0
       0
       0
       7
       4
       0
       0
       0
       0
       0
      22
       7
       0
       0
      16
      44
      32
      23
      36
      30
       0
       0
       0
       6
       0
       0
       3
      32
      22
       0
       0
       0
       0
       0
       0
       0
       0
       0
       0
       0
       0
       0
       0
       2
      20
       7
       0
       8
       8
       0
       0
       0
      15
       0
       0
       0
       0
      21
      29
       4
       0
       0
       0
      12
      20
       4
       0
       0
       0
       0
       0
      27
      43
      15
       0
       0
       1
       0
       0
       0
       0
       9
      20
       4
       0
       0
       0
       0
       0
       0
      31
      21
       0
       0
       0
       0
       0
       0
       1
       3
       0
       0
      11
      20
      12
       0
       0
       0
       0
       0
       3
       0
       0
       0
       0
      22
      35
       0
       0
       0
       0
       0
       0
       0
       0
      16
       0
       0
       0
       0
       0
       0
       0
       0
       0
       0
       0
       0
       0
       0
       0
       0
       0
       0
       0
       0
       0
       0
       0
      29
      49
       0
       0
       0
       0
      17
       0
       0
       4
      25
       0
       0
       5
      35
       0
       0
       0
       0
      10
       0
       0
       0
       0
       0
       0
       0
       0
       0
       0
       0
       0
      32
      34
       3
       0
       0
       0
      11
       0
       0
       0
       0
      39
      44
       8
       7
      44
      49
       3
       0
       0
      41
      44
       1
       0
       0
       0
       0
       0
       0
       0
       4
       0
       0
       0
       0
       0
      51
      29
       0
       0
       0
      13
       0
       0
       0
       0
       5
      33
      40
       7
       0
       0
       0
      25
       0
       0
       0
      42
      25
       0
       0
       2
      19
       0
       0
       0
      25
       0
       0
       0
       1
      17
       9
      12
      14
       0
       0
       0
      32
       0
       0
       0
       0
       9
       0
       0
       0
       0
      24
      51
      62
      40
       1
       0
      11
      14
       0
       0
       0
       0
      15
      19
       0
       0
       0
       0
      30
      23
       0
       0
       0
       0
       0
       0
       0
       5
       0
       0
       0
      12
      10
       0
       0
       0
       0
       0
       0
       0
       0
       0
       0
      13
       0
       0
       0
       0
       0
       1
      12
      25
      22
       0
       0
       0
       0
       0
       0
       0
       0
       0
       0
       9
      10
      11
      16
       0
       0
       0
       0
       0
       0
       0
       0
       0
       2
       0
       0
       0
       0
       0
       0
      15
      12
      20
      59
      79
      31
       0
       0
       1
      37
      26
      10
      11
       4
       0
       0
       2
       0
       0
       0
      17
      46
      20
       0
       1
      12
       0
       0
       0
       0
      15
       0
       0
       0
       0
       0
       0
       0
       0
       0
       0
       0
       0
       0
       2
      12
       0
       0
       3
      14
       0
       0
       0
       0
       0
       0
       0
       0
      13
       0
       0
       0
       7
      45
       0
       0
       0
      18
       0
       0
       0
       5
      38
       0
       0
       7
      35
       2
       0
       0
       0
       0
       0
       0
       1
      40
      32
       0
       0
       0
       3
       0
       0
       0
       9
      48
      48
       7
       0
       0
       3
      28
      18
       0
      13
      57
      80
      52
      11
      16
      59
      76
      36
       0
       0
      24
      25
       0
       0
       0
      21
      17
       1
       0
       0
       0
       0
       0
       0
       0
       0
       0
       0
       0
       0
       0
       4
      10
       9
      15
      19
       8
       0
       8
      12
       0
       0
       0
       0
       0
       0
       0
      10
      15
       0
       0
       0
      12
       0
       0
       0
      28
      70
      35
       0
       0
       0
      41
      50
      16
       0
      14
      29
      24
      14
      13
       3
       0
       0
       0
       0
      13
      10
       0
       0
       6
      25
      24
       0
       0
       0
       4
       2
       0
       0
       0
      27
       7
       0
       0
      25
      40
       2
       0
       0
       0
       0
       0
       0
      36
      46
      21
       2
       7
      24
      40
      55
      56
      29
       0
       0
       0
       3
       0
       0
       0
      13
      10
       0
       0
       0
       0
       0
       0
      23
      32
       1
       0
       0
       0
       0
       0
       0
       0
       0
       0
       0
       0
       0
       0
       0
      24
      18
       0
       0
       0
      11
       0
       0
       4
      14
       0
       0
       5
      41
      17
       0
       0
      19
      18
       0
       0
      38
      70
      32
       0
       0
      17
      40
      36
      26
      14
       0
       0
       0
       0
       2
      14
       7
       0
       0
      10
      45
      19
       0
       0
       4
      37
      11
       0
       0
       0
       0
       0
       0
       0
       0
       0
       0
      28
      12
       0
       0
       0
       8
      18
       9
       0
       0
       0
       0
       0
       4
       0
       0
       0
       0
       0
       0
       0
       0
       0
       0
       0
       0
       0
       0
       0
      17
       0
       0
       0
       9
      43
      26
       0
       0
       0
       0
       0
       0
       0
       0
       0
       0
       0
       0
       0
       0
       1
       3
       0
       0
       0
       9
      26
       0
       0
       0
       1
       0
       0
       0
       0
       0
       0
       0
      50
      65
      23
       0
       0
       0
       0
       0
       0
      36
      27
       0
       0
      29
      25
       0
       0
       0
      42
      42
       0
       0
       0
       0
       0
       0
      12
      54
      35
       0
       0
       0
       0
       0
       0
       0
       0
       0
       0
       0
      18
      67
      49
       0
       0
      18
      34
       4
       0
       6
      51
      51
       7
       0
       0
       0
       0
       0
      14
      21
      13
      18
      34
      24
       0
       0
       3
      50
      56
      22
       0
       0
       0
       0
       0
       0
       0
       0
       4
      16
       4
       1
       9
       0
       0
       0
      16
       3
       0
       0
       0
      44
      11
       0
       0
       3
      46
      17
       0
       9
      50
      45
       0
       0
       0
       0
       0
       0
       0
       0
       0
      10
      27
       4
       0
       0
      24
      19
       0
       0
       0
       5
       4
       0
       0
      20
      46
      26
       0
       0
      29
      28
       0
       0
       0
       0
       0
       0
       0
      19
      28
       5
       1
      16
      17
       6
      10
      11
       0
       0
       0
       0
      13
       0
       0
       0
      37
      43
       0
       0
      16
      56
      43
       0
       0
       0
       0
      23
      33
      29
       8
       0
       0
       0
      28
      64
      42
       0
       0
       0
       0
       8
      23
      28
      18
       2
       1
      13
      13
       0
       0
       0
       2
      27
      21
       0
       0
       0
       0
       0
       0
       3
       6
       7
       0
       0
       0
       0
       0
       0
       0
       0
      16
      34
      40
      34
      20
       5
       1
       6
       4
       0
       0
       0
       0
       0
       0
       0
       0
       0
       0
       0
       0
       0
       3
       1
       0
       0
       3
       5
       0
       0
       0
       1
       7
       6
       8
       0
       0
       0
       0
       1
       0
       0
       2
      24
      20
      15
      40
      59
      29
       0
       0
       0
       0
       0
       0
      20
       7
       0
       0
      17
       2
       0
       0
      31
      40
       0
       0
       6
      33
       0
       0
       0
       7
       0
       0
       0
      29
      31
       0
       0
       0
       0
       0
       0
       0
       0
       0
       0
       7
      34
      26
       8
       0
       0
       0
       0
      26
      47
       2
       0
       0
       0
       6
       0
       0
       0
      53
      71
      19
       0
       0
       0
       6
       0
       0
       0
      54
      67
      22
       0
      15
      11
       0
       0
       0
      60
      63
      30
      14
      12
       0
       0
      17
      48
      34
       0
       0
      11
      23
      13
      16
      36
      29
       0
       0
       5
      17
       0
       0
       0
      26
      24
       0
       0
      14
      10
       0
       0
       0
      22
      49
      46
      32
       9
       0
       0
       0
       0
       3
       0
       0
       0
       0
       0
       0
       0
       0
       0
       0
       0
       0
       0
       0
      39
      45
      27
      13
       0
       0
       0
       0
       5
       8
       0
       0
       0
      11
       0
       0
       0
       0
       0
       0
       0
      17
      16
       0
       0
       8
      52
      74
      42
       0
       0
       0
       9
      44
      30
       0
       0
       0
       0
      11
      39
      37
       5
       0
       0
       0
       0
       0
       0
       0
       0
       0
       0
       0
       0
       0
       0
       6
      14
       8
      20
      34
      19
       0
       0
       0
       0
       0
       0
       0
       0
       9
      21
      23
      16
       0
       0
       0
       0
       0
       0
       0
       0
       0
      21
      38
       0
       0
       0
       0
      12
       9
       0
       0
       0
       0
       0
       0
       0
       0
       0
       0
       0
       0
       0
       0
       0
       0
       0
       0
      67
      80
      20
       0
      16
      61
      41
       0
       3
      65
      87
      39
       1
      36
      86
      64
       0
       0
      22
      56
      13
       0
       0
       7
      42
      23
       0
       0
       0
       0
       0
       0
       0
       0
      13
      47
      40
       0
       0
       0
      22
      30
      14
       9
      25
      33
      21
      10
      15
      11
       0
       0
       0
       4
      34
       1
       0
       0
      10
      40
      32
      20
      29
      36
      20
       0
       0
       8
       9
       0
       0
       0
       0
      18
      23
       0
       0
       0
      51
      47
       0
       0
       0
      16
      23
      11
      24
      36
       5
       0
       0
      22
      31
       5
       0
       0
       0
       0
       0
       1
      30
       0
       0
       0
       0
       0
      38
      40
       6
       0
       7
      52
      61
      26
       0
       0
       0
       0
       0
       0
       0
       0
       0
      13
      20
       0
       0
       0
       0
       0
       0
       0
       0
       0
       0
       9
       0
       0
       0
      33
      46
       0
       0
       0
       9
       1
       0
       0
       0
       0
       0
       0
      23
      33
       0
       0
       0
      12
      21
       4
       0
       0
       0
       0
       0
       0
       0
       0
       0
       0
       0
      13
      25
       7
       0
       6
      10
       0
       0
       0
       0
       0
       0
       0
       0
       0
       0
       0
      27
      41
      24
       0
       0
      12
      26
      28
      12
       0
       0
       0
      16
      29
      17
      18
      40
      45
      10
       0
       0
       9
      21
       5
       0
      18
      27
       0
       0
       0
       0
       0
       0
       0
       0
       0
      14
       0
       0
       0
       0
       0
       0
       0
       0
       0
       2
       0
       0
       0
      28
      35
       7
       0
       0
       9
      16
       2
       0
      11
      21
       8
       0
       0
       0
       0
       0
       3
       7
       2
       0
       0
       0
       0
       0
       0
      12
      11
       0
       0
       0
       0
       8
      22
       4
       0
       0
       0
       0
       0
       0
       0
       0
       0
       0
       0
       0
       0
       0
       0
       0
       6
       0
       0
       0
       0
       0
      30
      31
       0
       0
       0
       3
       0
       0
       1
       4
       0
       0
       0
      37
      32
       0
       0
       0
       1
      22
      21
      16
       8
       0
       0
       0
       3
       6
       0
       0
       0
       3
      17
       9
       0
       0
       0
      29
      38
      23
       4
       0
       0
       7
       6
       0
       0
       0
       0
       0
       0
       0
       0
      15
       9
       0
       0
      16
      27
      19
       2
       0
       0
       0
       9
      24
      10
       0
       0
       7
      28
      32
      18
       0
       0
       0
       0
       0
       4
       3
       0
       0
       0
       0
       0
       0
       0
       0
       3
      13
       0
       0
       0
      33
      27
       0
       0
      16
       6
       0
       6
      41
      28
       0
       0
       0
       6
       0
       0
      16
      42
      19
       0
       2
      18
       4
       0
       6
      25
       8
       0
       0
       0
       0
       0
       4
      21
       9
       0
       0
      20
      18
       0
       0
       0
       0
      12
      12
       2
       0
       1
      15
       5
       0
       0
       0
      11
      11
       0
       0
       9
      12
       0
       0
       0
       0
      20
      28
      19
       1
       0
      16
      30
       8
       0
       0
       0
       3
       0
       0
       0
       1
      16
      23
      22
       6
       0
       0
       0
       0
       0
       0
       0
       0
       0
       0
       0
      13
      14
      12
      20
      23
       1
       0
       0
       5
      26
      16
       0
       0
       0
       0
       0
      10
      28
      29
       9
       0
       0
       0
       0
       0
       0
      20
      22
       5
       0
      11
      29
      29
      15
       8
      13
      18
      11
       0
       0
       0
       5
      28
      34
      18
       0
       0
       0
       0
       0
       0
       0
       0
       0
       0
       0
       0
       0
       0
       0
       0
       0
       0
       3
       0
       0
       0
       0
       0
       2
       2
       0
       0
       0
       0
       0
       7
       5
       6
      13
       5
       0
       0
       0
       0
      27
      24
       6
       0
       4
       4
       0
       0
       0
       0
      10
      18
      14
       0
       0
       0
       0
      19
       7
       0
       0
       0
      19
       0
       0
       0
       0
      20
       0
       0
       0
      20
      20
       0
       0
       0
      27
      45
      33
       6
       0
       0
       8
       8
       0
       0
       1
      12
       6
       0
       7
      20
      20
      11
      11
      19
      16
       0
       0
       0
       0
       0
       0
       0
       6
      17
       3
       0
       0
      13
      29
      15
       0
       0
       9
      13
       6
       4
      13
      21
      21
      18
      13
       3
       0
       5
      17
      10
       0
       0
       6
      19
       0
       0
       0
       0
      12
       0
       0
       0
       0
       0
       0
       0
      13
      12
       0
       0
       0
       0
       0
       0
       0
       3
       2
       0
       0
       0
       0
       8
      21
      24
      11
       0
       0
      19
      43
      38
      13
       0
       0
       0
       4
       6
       9
       5
       0
       0
       2
      15
      12
       0
       0
      13
      27
      14
       0
       0
       0
       4
       0
       0
       0
       6
      16
      11
       7
       6
       0
       0
       0
       0
       0
       0
       0
       0
       0
       0
       0
       0
       0
       0
       9
       5
       0
       0
       0
       0
       1
       7
       3
      15
      35
      35
      16
       2
       2
       0
       0
       0
       0
      13
      11
       0
       0
       0
       0
       0
       0
       0
       0
       3
      12
      15
      14
       9
       2
       0
       2
      10
       8
       0
       0
       0
       0
       0
       0
      32
      39
       4
       0
       0
      14
      32
      12
       0
       2
      20
      13
       0
       0
       0
       1
      12
       0
       0
       0
       0
       0
       0
       0
       0
       0
       0
       0
      13
      33
      15
       0
       0
      11
       0
       0
       0
      30
      28
       0
       0
       0
      18
      22
      19
       8
       0
       0
       6
      30
      15
       0
      36
      73
      32
       0
       0
     106
     152
      72
       6
      44
      55
       0
       0
       0
       0
       0
       0
       0
       0
       0
       0
       0
       0
      33
      29
       0
       0
      16
      35
      19
       7
      15
      18
       2
       0
       0
       5
       7
       0
       0
       0
       0
       1
       0
       0
       0
       0
       1
       0
       0
       7
       7
       0
       0
       1
       0
       0
       0
       3
      18
       7
       0
       7
      17
       0
       0
       0
       0
       1
       0
       0
       7
      12
       7
      10
      23
      27
       9
       0
       0
       0
       7
      12
       4
       0
       0
       0
       0
       0
       0
       0
       0
       0
       0
       0
       0
       0
       0
       0
       0
       0
      14
      13
       0
       0
       0
       0
       0
       0
       0
       0
       5
       0
       0
       0
       8
       2
       0
       0
       5
       0
       0
       0
       0
       6
      15
      12
      10
      14
      15
       5
       0
       0
       2
       0
       0
       0
       0
       0
       9
       2
       0
       4
       9
       6
       4
       7
       8
       2
       0
       0
       1
       0
       0
       0
      16
      17
       2
       0
       0
       0
       0
       0
       0
       0
       1
       0
       0
       0
       0
       0
       0
       0
       0
       0
       9
      11
       4
       0
       0
       0
       0
       0
       0
       3
       3
       5
      12
      14
       6
       0
       3
      16
      20
      11
       0
       0
       0
       0
       0
       1
       5
       0
       0
       0
       1
      14
      18
      15
      12
       7
       3
       4
       6
       0
       0
       0
       0
      14
      18
       5
       0
       0
       3
      21
      33
      23
       0
       0
       0
       0
       0
       0
       0
      13
      10
       0
       0
       0
       2
       5
       0
       0
       0
       3
       0
       0
       0
       0
       0
       9
       0
       0
       0
       6
       0
       0
       0
       0
       0
       0
       3
      12
       4
       0
       0
      23
      28
      10
       1
      11
      12
       0
       0
       0
       1
       0
       0
       4
      19
       1
       0
       0
      10
      16
       0
       0
       0
      11
       0
       0
       0
       0
       0
       0
       4
      12
       0
       0
       0
      17
      18
       0
       0
       0
       5
       0
       0
       0
       0
       0
       0
       0
      10
      12
       0
       0
       0
       0
       6
       0
       0
      11
      18
      12
       3
       2
       6
       9
      10
       9
       1
       0
       1
      20
      24
       4
       0
       0
       8
      20
      16
       6
       1
       1
       0
       0
       0
       0
       0
       2
       0
       0
       0
       0
      10
       3
       0
       0
       7
      16
       7
       0
       0
       8
      15
      14
       2
       0
       0
       0
       6
       5
       0
       0
       0
       2
       5
       7
       3
       0
       0
       2
      20
      17
       0
       0
       0
       3
      15
      15
       9
       1
       0
       0
       0
       0
       0
       0
       0
       0
       0
       5
      14
       0
       0
       0
      11
      16
       0
       0
       0
       0
       0
       0
       0
       6
      10
       4
       0
       0
       0
       0
       0
       0
       0
       6
       7
       2
       0
       0
       0
       0
       0
       0
      12
       7
       0
       0
       0
       0
       0
       0
       5
      18
       5
       0
       0
      16
      12
       0
       0
       0
       0
       0
       0
       0
       0
       0
       0
       0
       0
       0
       0
       0
       0
       0
       0
       0
       0
       2
      19
      17
       7
       3
       6
      12
      20
      26
      19
       2
       0
       0
       0
       0
       0
       3
      27
      14
       0
       0
       7
       2
       0
       0
      10
      28
      15
       0
       6
      12
       1
       0
       5
      16
       6
       0
       0
       0
       0
       0
       0
      14
      18
       9
       2
       0
       0
       0
       0
       8
       0
       0
       0
       0
       0
       0
       7
      16
      12
       0
       0
       5
      14
       5
       0
       0
       5
       4
       0
       0
      10
      22
      12
       0
       0
       6
      17
       8
       0
       6
      19
      13
       0
       0
       5
      13
       0
       0
       5
      26
      25
      14
      16
      19
       0
       0
       0
       6
      22
      13
       0
       0
       0
       0
       0
       0
       0
       0
       0
       5
       7
       1
       3
      17
      22
       4
       0
       0
       0
      10
      11
       1
       0
       0
       4
      20
      12
       0
       0
       0
       3
       1
       0
       0
       0
       0
       0
       0
       9
       6
       0
       0
       0
       0
       0
       4
      15
       7
       0
       0
       0
       0
       0
       4
      17
      14
       0
       0
       3
       6
       0
       0
       1
       4
       0
       0
       4
       3
       0
       0
       0
       0
       0
       0
       0
       0
       0
       0
       0
       0
       0
       0
       0
       6
       4
       0
       0
       0
       0
       0
       0
       0
       0
       0
       0
       0
       0
       0
       0
       3
       2
       0
       0
       0
       0
       0
       1
       3
       0
       0
       0
       0
      14
      19
       4
       0
       0
       4
      16
       7
       0
       0
       0
       0
       0
       0
      26
      31
       4
       0
       0
       5
       0
       0
       0
       5
      24
      12
       0
       0
       3
       3
       0
       2
       9
       9
       1
       0
       0
       0
       0
       0
       1
       5
       6
       4
       0
       0
       3
       9
       6
       0
       0
       0
       0
       0
       0
       7
      16
      14
       7
       0
       0
       0
       0
       0
       0
       0
       0
      17
      20
       4
       0
       0
       1
       0
       0
       0
       0
       0
       0
       0
       0
       0
       0
       0
       0
       0
       0
       0
       0
       0
       0
       3
       8
       8
       4
       0
       0
       0
       0
       0
       0
       0
       4
      20
      26
      10
       0
       0
       0
       0
       0
       0
       6
       9
       4
       7
      17
      16
       2
       0
       0
       3
       0
       0
       0
       2
       7
       2
       0
       0
       0
       0
       0
      15
      17
       6
       0
       0
       0
       6
      10
       9
       3
       0
       2
       4
       0
       0
       0
       0
       0
       0
       0
       0
       0
       0
       0
       0
       1
       7
       4
       0
       0
       1
      11
       2
       0
       0
       7
      13
       0
       0
       0
       4
       7
       0
       0
       2
       0
       0
       0
       0
       5
       0
       0
       0
      20
      25
      14
       9
      14
      13
       0
       0
       0
      12
      18
       8
       2
      10
      19
      12
       0
       0
       0
       0
       0
       0
       0
       0
       0
       0
       2
       5
       0
       0
       4
      16
      16
       5
       2
      11
      20
      17
       6
       0
       1
       2
       0
       0
       2
       7
       8
       5
       5
       7
       8
       7
       9
      14
      19
      17
       8
       0
       0
       0
       0
       0
       0
       0
       0
       0
       7
       3
       0
       9
      18
       6
       0
       0
       0
       0
       0
       0
       0
       0
       0
       5
       6
       0
       0
       0
       8
      12
       0
       0
       0
       0
       0
       0
       0
       0
       0
       0
       4
       4
       0
       0
       2
      13
       2
       0
       0
       0
       0
       0
       0
       3
       0
       0
       0
      11
      15
       3
       0
       0
       1
       0
       0
       1
       1
       0
       0
       0
       0
       0
       0
       0
       0
       0
       0
       0
       0
       0
       1
       5
       0
       0
       2
       9
       6
       2
       5
       4
       0
       0
       5
       9
       0
       0
       0
       9
      11
       1
       0
       0
       0
       0
       0
       0
       0
       0
       4
      10
       0
       0
       0
      19
      23
       0
       0
       0
       0
       0
       0
       0
       0
       0
       0
       0
       0
       0
       0
       5
       9
       0
       0
       0
       5
       1
       0
       0
       0
       0
       0
       0
       4
       4
       0
       2
       8
       7
       0
       0
       0
       0
       4
       8
       1
       0
       0
       8
      20
      17
       5
       0
       0
       0
       4
      14
      17
      12
       7
       6
       5
       1
       1
       6
       7
       0
       0
       0
       0
       2
       0
       0
       0
       0
       0
       2
       0
       0
       0
       0
       0
       0
       0
       0
       5
       9
       6
       6
       9
      10
       8
       8
      10
      14
      16
      10
       0
       0
       0
       0
       0
       0
       1
       9
       4
       0
       0
       3
       8
       4
       3
       8
       8
       2
       2
       7
       1
       0
       0
       0
       6
       4
       0
       0
       6
      12
       2
       0
       0
       8
      14
       8
       0
       0
       0
       6
       6
       0
       0
       0
       0
       0
       2
      17
      22
      10
       0
       0
       0
       0
       0
       0
       5
      13
       8
       0
       0
       0
       0
       1
       3
       4
       5
       2
       0
       0
       0
       9
      12
       3
       0
       0
       3
       0
       0
       0
       2
       5
       6
       5
       0
       0
       0
       0
       3
       3
       3
       1
       0
       0
       0
       0
       9
      10
       1
       0
       0
       0
       4
       6
       2
       0
       0
       0
       0
       0
       0
       0
       0
       0
       0
       0
       0
       0
       0
       0
       4
       0
       0
       4
      18
      17
       2
       0
       0
       0
       0
       0
       0
       2
       5
      10
      13
       4
       0
       0
       0
       0
       2
       0
       0
       0
       0
       0
       0
       0
       0
       6
      12
       4
       0
       0
       0
       6
      13
      12
       1
       0
       0
       0
       0
       2
       0
       0
       0
       0
       0
       0
       0
       0
       0
       0
       0
       0
       0
       0
       0
       0
       0
       0
       0
       3
       4
       0
       0
       0
       0
       0
       0
       0
       0
       0
       0
       0
       0
       0
       1
       0
       0
       0
      11
      18
       8
       0
       0
       0
       0
       0
       0
       2
       5
       3
       0
       0
       0
       0
      10
      16
      14
       5
       0
       4
      13
      16
       9
       1
       3
       6
       0
       0
       0
       7
      18
      12
       0
       0
       0
       1
       4
      11
      14
       3
       0
       0
       8
      11
       2
       0
       0
       1
       2
       7
      11
       6
       0
       0
       0
       0
       0
       0
      10
      16
       5
       0
       0
       0
       0
       0
       0
       0
       0
       0
       0
       0
       3
      10
      10
       5
       3
       7
      12
      11
       9
      10
      11
       5
       0
       0
       0
       0
       0
       5
       9
       4
       0
       0
       0
       3
       3
       5
      13
      15
       7
       0
       0
       2
       4
       0
       0
       0
       0
       0
       0
       0
       0
       0
       0
       0
       0
       0
       0
       0
       0
       0
       7
       5
       0
       0
       5
      10
       0
       0
       0
      15
      15
       0
       0
       0
       0
       0
       0
       0
       0
       0
       0
       0
       2
       3
       0
       0
       0
       0
       0
       1
       9
      14
       8
       0
       0
       0
       1
      14
      12
       0
       0
       0
       0
       0
       0
       0
       0
       0
       8
       5
       0
       0
       4
      11
       7
       0
       0
       0
       0
       2
       7
       9
       1
       0
       0
       0
       0
       9
      11
       6
       3
       4
       3
       0
       0
       0
       0
       0
       0
       0
       0
       9
      13
       0
       0
       0
       0
      13
      14
       5
       0
       1
       3
       2
       0
       0
       0
       0
       0
       0
       0
       0
       0
       0
       2
       2
       0
       0
       5
       8
       3
       0
       2
       7
       1
       0
       0
       0
       6
      12
       2
       0
       0
       0
       2
       3
       0
       0
       0
       0
       0
      10
      16
       9
       0
       0
       0
       5
       4
       0
       0
       4
       5
       0
       0
       0
       4
       8
       6
       8
      17
      17
       3
       0
       0
       0
       0
       0
       0
       0
       0
       5
      11
       7
       0
       0
       0
       0
       2
       6
       4
       0
       0
       0
       0
       0
       0
       0
       0
       1
       0
       0
       0
       0
      10
      13
      10
       5
       0
       0
       5
       8
       1
       0
       0
       0
       0
       0
       0
       0
       0
       0
       0
       0
       0
       0
       0
       0
       0
       0
       8
      19
      11
       0
       0
       9
       9
       0
       0
       2
      14
       6
       0
       0
       0
       2
       2
       2
       2
       0
       0
       3
       4
       0
       0
       0
       0
       0
       1
       9
      11
       4
       0
       0
       0
       0
       0
       4
       9
       2
       0
       8
      22
      19
       2
       0
       0
       0
       0
       7
      20
      19
       3
       0
       0
       1
       3
       1
       1
       0
       0
       0
       0
       0
       0
       0
       0
       0
       0
       9
      21
      26
      19
       6
       0
       7
      19
      19
       7
       0
       0
       5
       0
       0
       0
       0
       8
       9
       0
       0
       0
       0
       0
       8
       4
       0
       0
       0
       0
       0
       0
       0
       7
      12
       9
       3
       0
       0
       0
       0
       0
       0
       3
      16
      20
      13
       9
      15
      16
       6
       2
      13
      23
      12
       0
       0
      12
      14
       0
       0
       0
       2
       0
       0
       0
      11
       2
       0
       0
       0
       0
       0
       0
       0
       5
       8
       5
       3
       2
       4
       4
       0
       0
       0
       3
      11
      12
       9
       4
       0
       0
       0
       0
       5
       1
       0
       0
       6
      12
       7
       0
       0
       0
       9
      18
      15
       7
       7
      12
       8
       0
       0
       0
      12
      15
       4
       0
       0
       0
       0
       3
       1
       0
       0
       3
      11
       7
       0
       4
      10
       1
       0
       0
      13
      23
       3
       0
       0
       4
      15
      11
       8
      13
      15
       7
       0
       0
       0
       0
       0
       0
       4
       8
       9
      10
       5
       0
       0
       0
       0
       0
       0
       0
       0
       0
       0
       0
       3
       0
       0
       0
       0
       3
       1
       0
       0
       0
       8
      21
      20
       8
       3
      10
      11
       0
       0
       0
      18
      22
       6
       0
       2
       7
       0
       0
       0
       0
       0
       0
       5
      15
      11
       0
       0
       4
       7
       5
       6
       9
       7
       2
       0
       0
       0
       0
       0
       0
       8
       6
       0
       0
       0
       6
       4
       0
       0
       7
      18
      15
       3
       0
       0
       0
       0
       1
       5
       1
       0
       0
       1
       7
       1
       0
       1
       4
       0
       0
       0
       0
       4
       5
       4
       2
       0
       0
       0
       1
       0
       0
       0
       4
       7
       0
       0
       0
       5
      15
      14
       5
       0
       3
      12
      12
       1
       0
       1
       6
       0
       0
       0
       2
       1
       0
       0
       0
       2
       3
       7
      13
      10
       0
       0
       0
       2
       2
       2
       5
      10
       9
       1
       0
       0
       0
       0
       7
       0
       0
       0
       0
       0
       0
       0
       3
       0
       0
       0
       3
       2
       0
       0
       0
       0
       3
      11
       9
       0
       0
       0
      10
      13
       4
       2
       3
       0
       0
       0
       3
       0
       0
       0
       0
      10
       2
       0
       5
      13
       5
       0
       0
       8
       7
       0
       0
       0
       0
       0
       0
       0
       0
       0
       4
       6
       0
       0
       0
       0
       0
       1
       1
       0
       0
       0
       0
      11
       5
       0
       0
       0
       0
       2
      10
       8
       0
       0
       6
      16
      10
       0
       0
       0
       0
       0
       0
       0
       0
       0
       0
       0
       0
       0
       0
       0
       0
       3
      11
       9
       0
       0
       0
       2
       0
       0
       0
       4
       0
       0
       7
      19
      14
       2
       0
       7
       2
       0
       0
       6
      16
       5
       0
       0
       0
       0
       1
       0
       0
       0
       8
      21
      21
       4
       0
       0
       2
       0
       0
       0
      13
      22
      10
       0
       0
       5
      13
      12
      13
      16
      11
       0
       0
       0
       2
       1
       0
       0
       0
       4
      13
      11
       1
       0
       0
       3
       5
       2
       1
       7
       8
       0
       0
       0
       0
       0
       0
       2
       9
       7
       0
       0
       3
       4
       0
       0
       1
       0
       0
       0
       7
      10
       0
       0
       0
       0
       0
       0
       0
       0
       0
       5
      15
      14
       2
       0
       0
       0
       0
       0
       9
      27
      13
       0
       2
      18
      14
       0
       0
      10
      10
       0
       0
       2
       3
       0
       0
       0
       0
       0
       0
       0
       1
       0
       0
       2
      18
      15
       0
       0
       0
       0
       0
       0
       0
       0
       0
       0
       0
       4
       5
       0
       0
       0
       0
       6
       6
       3
       2
       0
       0
       0
       0
       4
       0
       0
       0
       7
      13
       7
       0
       0
       0
       0
       5
      11
      11
       2
       0
       0
       0
       2
       7
       6
       0
       0
       0
       0
       5
       6
       6
       9
      13
      15
      15
      10
       0
       0
       0
       0
      11
      11
       0
       0
       0
       0
       0
       0
       0
       2
       2
       0
       4
       8
       3
       0
       0
       0
       0
       0
       0
       0
       0
       2
       0
       0
       4
       4
       0
       0
       1
      16
      20
      13
       2
       0
       0
       0
       0
       6
       4
       0
       9
      22
      22
       8
       0
       0
       0
       2
       4
       3
       0
       0
      12
      27
      21
       0
       0
       9
      14
       0
       0
       0
       9
       0
       0
       0
       4
      16
       4
       0
       0
       0
       2
       0
       1
       3
       2
       0
       0
       0
       3
      10
      11
       2
       0
       0
       5
       2
       0
       0
       0
       7
       3
       0
       0
       0
       3
       6
       6
       1
       0
       0
       0
       3
       1
       0
       0
       8
       7
       0
       0
       8
      14
       0
       0
       0
       0
       7
       1
       0
       0
       1
       2
       4
       5
       2
       0
       0
       1
       5
       1
       0
       0
       0
       0
       0
       0
       0
       0
       0
       0
       0
       4
      14
      16
       7
       0
       0
       3
      13
      13
      10
       8
       4
       0
       0
       0
       0
       9
       7
       4
       4
       1
       0
       0
       0
       0
       0
       0
       1
      10
       3
       0
       0
       2
       3
       0
       0
       9
      14
       7
       0
       0
       0
       0
       0
       0
       0
       0
       0
       5
      32
      45
      37
      19
       3
       0
       8
      23
      21
       0
       0
       0
       0
       0
       0
       0
       0
       9
      12
      12
      11
       9
       8
      11
      10
       2
       0
       2
       6
       0
       0
       0
       5
       0
       0
       0
       0
       4
       0
       0
       0
      11
      15
      14
      15
      10
       0
       0
       0
       7
      12
       5
       0
       0
       0
       0
       0
       0
       2
       3
       0
       0
       0
       0
       1
       0
       0
       0
       3
       5
       0
       0
       0
       0
       0
       0
       3
       0
       0
       0
       4
       7
       0
       0
       0
       0
       0
       0
      16
      12
       0
       0
       0
      12
      11
       2
       2
       4
       0
       0
       0
       7
      18
      17
      10
       5
       0
       0
       0
       3
       0
       0
       0
       0
       0
       0
       0
       0
       0
       0
       9
      14
       7
       0
       0
       0
       0
       0
       5
      11
       4
       0
       0
       0
       0
       0
       0
       8
       9
       0
       0
       0
      16
      13
       0
       0
       0
       7
      10
       3
       0
       2
       0
       0
       0
       0
       3
       0
       0
       0
       4
       1
       0
       0
       0
       0
       0
       0
       0
       0
       1
       0
       0
       0
       4
       6
       2
       0
       0
       0
       0
       2
       0
       2
      12
      15
       8
       3
       5
       2
       0
       0
       3
       5
       0
       0
       0
      12
       9
       0
       0
       6
       3
       3
      14
      17
       0
       0
       0
       8
      18
       6
       0
       9
      13
       2
       0
       0
       0
       0
       0
       0
       4
       0
       0
      13
      20
      12
       1
       0
       0
       0
       0
       0
       0
       0
       0
      14
      19
       6
       0
       8
      14
       0
       0
       0
      15
      17
       0
       0
       0
       0
       0
       0
      16
      20
       4
       0
       0
       0
       0
       0
       0
       0
       5
      11
       6
       0
       0
       0
       0
       0
       0
       0
       6
       7
       4
       3
       4
       6
       4
       0
       0
       0
       0
       0
       0
       0
       0
       0
       0
       0
       0
       0
       0
       0
       0
      19
      15
       0
       0
       0
       0
       0
       0
       1
       0
       0
       0
       0
       0
       0
       0
       0
       0
       4
       8
      13
       9
       0
       0
       0
       1
       4
       0
       0
       3
       1
       0
       2
       9
      10
       6
       6
       9
       4
       0
       0
       1
       8
       4
       0
       4
      14
      14
       0
       0
       0
       5
       3
       0
       0
       0
       8
      11
       0
       0
      11
      13
       0
       0
       1
      10
       1
       0
       0
       6
       4
       0
       0
      10
      11
       0
       0
       0
       0
       0
       0
       0
       0
       0
       7
      10
       0
       0
       8
      22
      13
       0
       0
       8
      19
       8
       0
       0
       5
       8
       6
       5
       1
       0
       0
       0
       3
       0
       0
       0
       0
       1
       0
       0
       0
       4
       0
       0
       0
       0
       1
       0
       0
       0
       4
       4
       0
       0
       1
       2
       0
       0
       0
       0
       0
       0
       0
       0
       6
      11
      13
      10
       1
       0
       0
       0
       2
      11
      14
       7
       0
       0
       0
       4
       2
       0
       0
       0
       0
       2
       7
       0
       0
       0
       0
       4
       0
       0
       0
      10
      11
       0
       0
       0
       0
       0
       0
       0
       0
       0
       0
       0
       0
       0
       0
      13
      11
       0
       0
       0
       8
       4
       0
       0
       0
       0
       0
       0
       0
       0
       0
       0
       0
       1
      13
      14
       4
       0
       0
       0
       0
       2
       1
       1
       4
       4
       0
       0
       0
       8
      12
       7
       9
      18
      19
       7
       0
       0
       6
       3
       0
       2
      10
      12
      12
      14
      13
       2
       0
       3
      12
       3
       0
       0
      10
      17
       5
       0
       5
      14
      11
       6
       8
       7
       0
       0
       2
      15
      14
       2
       0
       0
       0
       4
      10
       7
       0
       0
      11
      15
       3
       0
       0
       8
      14
       6
       0
       3
      13
      21
      22
      17
       9
       5
       3
       0
       0
       0
       0
       0
       0
       0
       0
       6
       5
       0
       0
       0
       0
       0
       1
      10
       0
       0
       0
       0
       2
       4
       0
       0
       0
       0
       4
      18
      14
       4
       5
      10
       1
       0
       0
       6
      17
      11
       5
       8
       9
       2
       0
       4
       4
       0
       0
       0
      10
      12
       6
       4
       5
       1
       0
       2
      10
      10
       3
       1
       3
       5
       4
       3
       4
       3
       2
       4
       0
       0
       0
       0
       1
       3
       0
       0
       0
       0
       0
       0
       7
       1
       0
       0
       0
       0
       0
       0
       0
       0
       0
       0
       4
       2
       0
       6
      18
      10
       0
$ROI:
0
$PRESETS:
None
0
0
$ENER_FIT:
0.000000 0.293177
$MCA_CAL:
3
0.000000e+00 2.931770e-01 0.000000e+00 keV
$SHAPE_CAL:
3
6.418442E+000 0.000000E+000 0.000000E+000