$SPEC_ID:
This is the experimental spectrum of Eu152 extracted background signal
$SPEC_REM: 
DET# 1 
DETDESC# 1#GB 
AP# GammaVision Version 6.08     $DATE_MEA: 
01/18/2021 08:54:04 
$MEAS_TIM: 
88562 89209 
$DATA: 
0 8191
0       
0       
0       
0       
0       
0       
0       
0       
0       
0       
0       
0       
0       
0       
0       
0       
0       
0       
0       
0       
0       
0       
0       
0       
0       
0       
0       
0       
0       
0       
821     
565     
-925    
-386    
725     
418     
241     
-711    
269     
-526    
-70     
-248    
-34     
26      
209     
564     
-162    
699     
92      
-486    
-645    
1291    
-1016   
-139    
412     
-415    
356     
761     
817     
-140    
168     
940     
942     
-584    
1023    
-1713   
470     
-251    
228     
-584    
281     
137     
2       
179     
26      
-319    
-745    
724     
-18     
609     
-44     
-787    
-1157   
74      
219     
659     
-467    
767     
-89     
614     
-448    
547     
499     
-29     
1223    
173     
729     
223     
318     
62      
-76     
-287    
-219    
-248    
10      
-544    
842     
-168    
-641    
725     
161     
774     
217     
790     
-9      
240     
669     
459     
688     
-296    
826     
-4      
476     
681     
246     
558     
196     
-547    
334     
271     
13      
229     
1071    
1141    
1113    
1238    
1465    
1046    
866     
940     
154     
442     
483     
-326    
13      
273     
438     
-198    
22      
570     
870     
1089    
544     
145     
885     
959     
848     
371     
1131    
602     
244     
641     
-89     
-101    
13      
540     
-661    
-912    
-8      
174     
-154    
-74     
-224    
467     
286     
83      
287     
-595    
720     
221     
80      
-119    
892     
203     
23      
-216    
57      
-646    
260     
-280    
-769    
489     
-147    
-54     
-138    
-144    
-126    
-677    
-351    
99      
192     
127     
115     
28      
13      
1515    
70      
-1226   
329     
-426    
-1551   
-1069   
-327    
-369    
-599    
-1144   
-1614   
263     
-711    
12      
-624    
749     
-680    
349     
-408    
258     
166     
-328    
780     
-322    
161     
-755    
-174    
-17     
74      
-111    
-818    
1677    
-188    
-505    
14      
176     
-374    
-174    
-82     
-639    
-1064   
-1297   
-934    
-81     
390     
-606    
-307    
34      
-744    
393     
-773    
804     
-83     
0       
-601    
491     
-644    
-555    
-989    
125     
188     
376     
-607    
-586    
-575    
-698    
-71     
-196    
-287    
817     
596     
-120    
-18     
-881    
462     
171     
-994    
218     
-21     
-831    
-656    
-1068   
426     
-372    
498     
-1158   
-1233   
-193    
574     
-55     
132     
169     
1038    
-386    
592     
-314    
-843    
-1270   
536     
-807    
-1351   
-687    
-661    
-224    
-378    
165     
-60     
-340    
11      
-26     
-397    
667     
-338    
-1691   
-325    
-451    
347     
-1233   
665     
-614    
322     
-486    
-359    
-1324   
-320    
-751    
-641    
-169    
392     
669     
403     
-365    
387     
883     
162     
-63     
-770    
-333    
299     
-1483   
-205    
471     
-404    
249     
-564    
259     
-755    
9       
91      
222     
-1229   
266     
-680    
-692    
103     
-515    
-182    
-1183   
289     
21      
-582    
-427    
492     
149     
899     
385     
62      
-4      
-292    
314     
-387    
-995    
-506    
391     
-943    
-46     
-484    
0       
355     
113     
-516    
802     
236     
-67     
307     
327     
-7      
-946    
523     
77      
-173    
288     
430     
291     
576     
-40     
-13     
181     
-371    
992     
1736    
235     
927     
1656    
1918    
3865    
5515    
8058    
9962    
9909    
8762    
7982    
6140    
2709    
1350    
1106    
306     
653     
21      
1278    
69      
471     
1171    
-396    
-485    
-249    
-60     
323     
76      
-585    
-628    
-231    
-564    
98      
586     
-42     
191     
-190    
-75     
-462    
86      
621     
672     
144     
74      
146     
4       
-1250   
789     
326     
77      
-45     
259     
588     
377     
354     
-550    
1476    
752     
-689    
103     
-537    
219     
478     
-809    
1464    
-382    
826     
-623    
-5      
650     
154     
263     
495     
-272    
608     
406     
254     
-334    
466     
179     
-467    
-71     
-673    
-103    
-347    
466     
309     
364     
79      
509     
25      
443     
361     
83      
339     
1467    
-203    
172     
507     
1141    
145     
-286    
938     
-165    
365     
-265    
1080    
336     
560     
672     
-172    
813     
1025    
1009    
142     
419     
1003    
-489    
-202    
605     
-902    
-524    
358     
-39     
-88     
-19     
681     
899     
1082    
277     
31      
169     
726     
672     
-63     
-198    
393     
984     
-9      
182     
862     
468     
668     
-314    
909     
975     
870     
864     
-152    
-66     
34      
142     
497     
-101    
60      
739     
-113    
-136    
-399    
1446    
624     
372     
500     
902     
-348    
-265    
266     
457     
-48     
328     
-264    
-172    
584     
423     
634     
1028    
-729    
1054    
835     
604     
-54     
148     
264     
-146    
323     
387     
106     
555     
764     
-105    
431     
-174    
379     
80      
862     
621     
878     
457     
646     
-84     
461     
170     
229     
491     
-108    
504     
678     
263     
52      
1128    
418     
-91     
-253    
444     
1048    
1130    
-1      
837     
435     
1037    
876     
487     
-16     
-7      
717     
666     
253     
398     
-155    
159     
762     
532     
796     
154     
913     
547     
815     
-240    
-139    
-232    
339     
669     
487     
89      
178     
617     
95      
-523    
92      
887     
-89     
-329    
436     
260     
475     
36      
328     
-222    
859     
416     
576     
842     
274     
934     
68      
437     
-33     
672     
-174    
289     
-634    
-148    
-40     
176     
355     
347     
520     
34      
621     
235     
314     
-656    
-7      
-265    
-163    
121     
104     
450     
-198    
430     
68      
-617    
80      
4       
143     
-53     
709     
591     
544     
343     
238     
224     
-26     
358     
-402    
-273    
588     
678     
479     
-10     
741     
344     
225     
511     
32      
320     
500     
-58     
-121    
526     
599     
-91     
341     
45      
537     
306     
316     
637     
778     
773     
-107    
109     
507     
390     
647     
-571    
545     
273     
660     
677     
37      
-117    
158     
17      
539     
14      
431     
397     
-326    
689     
677     
-95     
-160    
162     
559     
482     
-213    
390     
-128    
91      
-616    
-51     
-75     
315     
69      
594     
552     
427     
-84     
-95     
507     
198     
-204    
1216    
881     
-12     
762     
-223    
-281    
145     
-198    
-65     
333     
-62     
442     
-67     
378     
103     
4       
156     
-603    
-321    
106     
786     
-5      
-337    
501     
-423    
403     
329     
659     
86      
417     
-374    
-345    
-477    
-5      
-852    
-754    
-547    
-91     
-104    
39      
-83     
-495    
347     
15      
246     
672     
738     
-258    
-28     
480     
1025    
1574    
2244    
2326    
2036    
2391    
2230    
1622    
781     
490     
701     
388     
-404    
-75     
-127    
732     
95      
-137    
-115    
401     
-453    
-147    
-59     
411     
-207    
337     
777     
-366    
479     
472     
554     
-190    
80      
-423    
-123    
-574    
370     
527     
100     
228     
-787    
-187    
201     
147     
-398    
314     
227     
96      
362     
266     
0       
39      
467     
-192    
222     
110     
462     
-79     
148     
-34     
-439    
-272    
-260    
-302    
-130    
688     
-235    
652     
435     
-238    
545     
151     
66      
120     
605     
388     
481     
236     
-285    
-57     
-170    
560     
128     
176     
149     
112     
256     
-200    
-388    
-479    
449     
-255    
31      
-644    
-71     
249     
-216    
-35     
-112    
205     
324     
140     
-274    
-157    
191     
-307    
178     
-95     
151     
-264    
-400    
206     
62      
232     
172     
385     
328     
175     
-219    
188     
-358    
-223    
-118    
-420    
165     
-104    
268     
56      
371     
363     
99      
405     
626     
-415    
99      
373     
5       
395     
-236    
496     
27      
232     
25      
-49     
204     
-73     
112     
457     
-67     
-510    
-326    
-34     
158     
-326    
288     
-34     
172     
-79     
-270    
-247    
101     
-247    
-96     
375     
154     
-208    
171     
68      
-100    
64      
218     
-216    
-267    
-271    
-175    
-485    
-196    
-350    
-23     
-143    
546     
-149    
226     
413     
753     
419     
295     
-135    
114     
-6      
511     
-298    
15      
324     
70      
-156    
-356    
128     
355     
84      
-36     
179     
334     
-192    
215     
361     
221     
426     
-164    
-51     
-158    
-77     
71      
36      
-120    
-169    
-413    
-274    
-243    
87      
70      
-270    
23      
-156    
380     
-93     
69      
-111    
-430    
472     
30      
260     
211     
-341    
213     
157     
59      
-274    
-29     
115     
-58     
345     
-121    
132     
119     
285     
396     
-420    
76      
188     
-252    
67      
-390    
240     
216     
202     
-151    
-422    
104     
-138    
103     
397     
116     
562     
-320    
-13     
6       
101     
56      
-41     
238     
-1034   
-165    
-161    
-130    
290     
387     
206     
34      
-349    
75      
-323    
58      
196     
284     
210     
232     
111     
-252    
399     
-439    
432     
-237    
156     
-23     
287     
360     
-313    
308     
70      
75      
405     
417     
80      
-233    
537     
217     
286     
58      
-319    
-190    
-454    
-240    
-35     
-27     
369     
215     
-6      
414     
-401    
-318    
173     
-344    
-218    
441     
-197    
85      
337     
-33     
-37     
97      
-223    
-62     
-135    
-45     
266     
362     
337     
1060    
1620    
2665    
3564    
4751    
5661    
6038    
5445    
4320    
3102    
2095    
1164    
680     
206     
360     
67      
198     
-185    
352     
403     
207     
528     
14      
-192    
-19     
-164    
-79     
-217    
-295    
-6      
154     
-511    
-216    
-780    
-302    
-644    
-340    
81      
-160    
-62     
83      
-273    
97      
-132    
214     
149     
244     
-79     
115     
58      
-150    
-119    
-38     
209     
69      
302     
-35     
234     
10      
-73     
175     
-390    
133     
438     
134     
198     
420     
203     
64      
-150    
-14     
160     
77      
83      
110     
2       
291     
193     
175     
-326    
82      
91      
-37     
19      
282     
339     
221     
80      
440     
208     
79      
-354    
-25     
95      
-15     
-208    
-157    
-30     
138     
377     
112     
-27     
-482    
136     
-235    
58      
98      
168     
13      
175     
29      
197     
318     
39      
140     
-37     
-38     
49      
-116    
33      
-9      
-43     
-91     
48      
-219    
285     
-84     
61      
426     
324     
156     
261     
-45     
-26     
-7      
368     
45      
-32     
59      
-89     
8       
284     
66      
21      
-421    
-416    
34      
-336    
452     
55      
-254    
233     
-141    
163     
-240    
-136    
-281    
-52     
-25     
277     
12      
424     
-466    
284     
-87     
239     
-101    
-92     
22      
111     
-139    
24      
164     
317     
399     
-64     
233     
278     
83      
-456    
-22     
-355    
115     
427     
142     
46      
-26     
427     
-110    
198     
-165    
-99     
99      
144     
-78     
42      
-4      
46      
157     
-132    
272     
-226    
-207    
412     
195     
95      
287     
98      
113     
-166    
112     
-108    
151     
124     
-509    
134     
-69     
335     
-103    
158     
-126    
171     
42      
-253    
-45     
-233    
-332    
131     
26      
66      
334     
333     
173     
319     
513     
385     
303     
152     
207     
-145    
364     
108     
97      
227     
123     
-60     
163     
37      
89      
256     
147     
-64     
255     
-144    
-23     
-263    
-132    
-150    
175     
-182    
14      
-48     
-55     
30      
113     
-168    
158     
20      
270     
221     
124     
-129    
173     
-39     
72      
109     
85      
-57     
94      
193     
115     
201     
142     
168     
-107    
76      
-10     
61      
212     
274     
44      
-93     
-255    
-306    
-177    
-70     
-229    
-162    
258     
-190    
21      
-13     
209     
159     
169     
-113    
-50     
-209    
181     
-207    
87      
78      
-218    
64      
-23     
-51     
-27     
20      
61      
96      
5       
-45     
213     
-259    
23      
37      
67      
-425    
-110    
-101    
-199    
363     
-83     
-101    
30      
143     
-61     
-286    
-347    
37      
-68     
115     
135     
512     
541     
604     
599     
369     
363     
75      
124     
372     
122     
113     
-166    
-220    
37      
92      
-80     
-402    
-13     
189     
384     
46      
-5      
-124    
182     
74      
197     
-312    
22      
-113    
264     
-103    
226     
186     
-30     
10      
107     
21      
-107    
6       
1       
-341    
317     
31      
92      
-86     
-177    
176     
180     
-190    
117     
190     
105     
185     
498     
-6      
359     
135     
-260    
85      
72      
218     
-63     
306     
63      
-166    
-58     
291     
92      
62      
-178    
128     
-37     
-53     
2       
323     
-6      
263     
-291    
-80     
109     
144     
29      
103     
81      
110     
-137    
117     
134     
-288    
-43     
146     
-83     
346     
-155    
-52     
-69     
211     
254     
189     
94      
93      
96      
230     
97      
-67     
88      
-188    
-37     
352     
-18     
47      
225     
-109    
159     
71      
82      
68      
68      
-30     
-211    
83      
24      
268     
3       
148     
-174    
177     
31      
-11     
-5      
-16     
70      
-91     
-135    
-20     
21      
-20     
119     
40      
-140    
-209    
-124    
-36     
155     
198     
188     
365     
-179    
86      
102     
113     
309     
260     
-176    
-197    
68      
313     
0       
-144    
16      
-64     
112     
0       
-101    
-62     
-24     
-105    
164     
-98     
270     
84      
38      
-77     
-29     
134     
-97     
-200    
230     
-117    
55      
44      
21      
94      
28      
258     
269     
238     
-167    
191     
-188    
-205    
-78     
-86     
-180    
175     
311     
20      
97      
-62     
126     
-14     
22      
-81     
32      
212     
86      
48      
89      
60      
-102    
161     
-31     
-14     
-61     
-343    
65      
-46     
236     
155     
-33     
-58     
186     
149     
146     
134     
467     
17      
140     
295     
-24     
-198    
190     
-140    
-161    
-112    
78      
-159    
-20     
272     
61      
104     
-128    
-75     
40      
-9      
-249    
268     
17      
388     
-215    
-191    
108     
391     
324     
-53     
160     
220     
194     
-25     
-10     
93      
44      
61      
50      
109     
87      
284     
277     
213     
102     
28      
113     
29      
-19     
246     
127     
62      
-37     
181     
74      
344     
-52     
-34     
98      
90      
88      
-85     
15      
-232    
83      
102     
-23     
-27     
91      
110     
-66     
109     
125     
179     
257     
0       
-55     
-117    
219     
-158    
25      
114     
77      
325     
-63     
-125    
79      
134     
97      
102     
164     
288     
17      
-5      
150     
137     
-58     
-98     
148     
284     
30      
185     
-32     
182     
-9      
86      
49      
226     
55      
-55     
155     
-82     
2       
207     
10      
-32     
273     
95      
4       
246     
10      
240     
-60     
306     
63      
-186    
-49     
74      
91      
-175    
-29     
161     
92      
-106    
-92     
-124    
-317    
42      
-100    
-47     
-260    
46      
-14     
304     
-88     
74      
266     
80      
148     
-37     
63      
81      
-61     
228     
286     
-97     
236     
242     
124     
20      
117     
116     
-21     
-344    
-66     
65      
151     
-11     
-63     
9       
58      
7       
-3      
85      
-120    
313     
-17     
126     
40      
320     
123     
90      
200     
128     
-39     
274     
2       
-89     
-28     
185     
142     
10      
-121    
65      
112     
86      
266     
72      
-52     
-2      
-44     
-95     
111     
160     
297     
259     
-21     
63      
-4      
13      
-17     
-75     
32      
144     
164     
-95     
150     
45      
178     
25      
11      
134     
65      
-61     
279     
30      
16      
99      
62      
-41     
199     
167     
-42     
53      
-39     
278     
88      
234     
-50     
143     
230     
266     
-91     
69      
-164    
62      
-86     
-236    
245     
201     
-128    
542     
-228    
-373    
-440    
-383    
-259    
-307    
-32     
294     
126     
-97     
205     
196     
-20     
99      
5       
-201    
214     
102     
-61     
34      
216     
-159    
-50     
163     
27      
-38     
266     
340     
92      
31      
-82     
38      
22      
62      
-294    
240     
179     
15      
52      
285     
50      
-197    
35      
38      
113     
3       
-13     
-11     
94      
-57     
80      
59      
7       
187     
-128    
94      
-289    
-24     
43      
-14     
-65     
52      
137     
65      
342     
254     
115     
177     
-4      
-51     
-76     
57      
-24     
80      
-99     
-291    
192     
-39     
-102    
19      
175     
75      
-28     
370     
500     
154     
-28     
-10     
-149    
-552    
-587    
-37     
406     
-428    
49      
157     
-87     
107     
145     
136     
175     
197     
205     
8       
-113    
-41     
138     
76      
77      
-103    
-49     
6       
222     
-3      
-41     
255     
-89     
-44     
260     
93      
75      
134     
30      
46      
182     
40      
106     
-18     
-238    
205     
219     
-200    
197     
-54     
328     
19      
-97     
43      
-91     
61      
102     
121     
-147    
136     
222     
-4      
70      
-52     
-79     
-134    
61      
86      
98      
142     
98      
341     
82      
-178    
-188    
249     
19      
-174    
-24     
-16     
-2      
208     
-81     
-249    
31      
285     
-36     
163     
18      
68      
109     
346     
70      
-18     
11      
124     
105     
-3      
83      
35      
125     
126     
199     
-51     
59      
50      
-161    
-116    
150     
289     
103     
212     
253     
-16     
195     
-48     
132     
-44     
147     
44      
144     
51      
115     
106     
-137    
-26     
174     
-29     
70      
146     
6       
127     
143     
133     
184     
20      
40      
136     
-137    
-267    
22      
-155    
-237    
52      
53      
-181    
-30     
117     
97      
68      
53      
10      
107     
163     
-65     
109     
-42     
-36     
-48     
120     
-36     
36      
-31     
-174    
85      
61      
-27     
33      
214     
100     
-209    
-47     
36      
84      
97      
99      
216     
26      
-136    
-131    
222     
-44     
-48     
-83     
232     
31      
41      
208     
-1      
-104    
94      
162     
108     
218     
346     
158     
244     
61      
-248    
168     
29      
-6      
-185    
-20     
-190    
48      
128     
122     
140     
58      
36      
14      
54      
77      
192     
-124    
-164    
170     
-101    
-21     
443     
-98     
199     
54      
31      
225     
109     
270     
-95     
122     
100     
-93     
50      
-24     
-171    
89      
-19     
-68     
-55     
122     
74      
257     
294     
102     
110     
31      
288     
-43     
72      
51      
0       
148     
132     
59      
251     
275     
-63     
144     
156     
70      
-25     
104     
-138    
116     
5       
-66     
233     
158     
-85     
330     
21      
133     
213     
-63     
173     
135     
207     
76      
64      
134     
212     
137     
13      
-144    
-3      
-15     
-162    
-147    
242     
-77     
63      
-103    
16      
211     
70      
201     
12      
-114    
69      
59      
-83     
70      
-171    
-76     
-92     
210     
-108    
90      
86      
278     
-31     
2       
209     
-28     
235     
129     
19      
33      
8       
120     
66      
-74     
110     
-25     
18      
140     
-30     
353     
-15     
-198    
12      
281     
-7      
0       
-54     
-120    
320     
-91     
-35     
-44     
161     
14      
63      
107     
86      
-168    
281     
4       
65      
121     
-67     
-86     
-98     
-99     
232     
86      
36      
85      
230     
57      
114     
215     
199     
-86     
-152    
218     
115     
185     
40      
43      
-46     
198     
183     
-81     
-158    
-41     
93      
157     
144     
178     
235     
130     
42      
-43     
92      
275     
-48     
-46     
117     
186     
81      
93      
94      
213     
152     
93      
-2      
21      
91      
383     
-214    
85      
100     
106     
298     
271     
233     
-399    
111     
-59     
-138    
-5      
104     
-35     
-69     
-47     
188     
167     
-70     
106     
240     
43      
-13     
-130    
90      
-100    
-88     
62      
109     
88      
-72     
-56     
222     
85      
415     
82      
61      
228     
44      
128     
-27     
249     
-2      
-197    
180     
201     
67      
261     
74      
169     
31      
96      
-118    
42      
152     
-190    
-22     
-38     
-100    
207     
57      
-97     
16      
-18     
129     
12      
229     
-51     
97      
73      
130     
122     
-45     
9       
84      
102     
-69     
26      
-78     
93      
201     
-17     
26      
216     
88      
55      
-49     
72      
124     
95      
104     
-132    
69      
47      
188     
16      
81      
72      
-19     
-7      
263     
146     
92      
79      
200     
-26     
94      
52      
181     
49      
91      
301     
-118    
-72     
58      
-8      
106     
302     
-118    
-40     
88      
32      
181     
44      
148     
-110    
294     
-268    
49      
113     
94      
-8      
178     
80      
-159    
82      
-81     
117     
29      
102     
248     
71      
180     
111     
115     
270     
6       
236     
79      
72      
-181    
88      
208     
84      
-91     
179     
66      
-121    
92      
364     
110     
-121    
26      
-56     
-78     
-79     
57      
147     
79      
-13     
239     
110     
70      
45      
19      
167     
307     
253     
360     
290     
690     
861     
1170    
1239    
1440    
1297    
1219    
732     
629     
434     
210     
339     
52      
27      
36      
247     
25      
-114    
69      
148     
25      
164     
-117    
20      
182     
-27     
72      
-96     
-192    
-17     
125     
20      
259     
88      
-78     
-68     
-81     
-78     
45      
84      
5       
-33     
44      
86      
-98     
169     
35      
37      
-61     
-36     
-57     
-22     
39      
100     
61      
145     
89      
0       
51      
-30     
1       
-118    
-116    
96      
-11     
-165    
198     
102     
48      
170     
136     
-33     
-73     
-89     
71      
-24     
42      
-245    
185     
31      
-78     
-19     
-100    
9       
-67     
-90     
73      
93      
218     
144     
65      
154     
-58     
153     
111     
54      
-85     
172     
-12     
-170    
-97     
-105    
114     
220     
19      
146     
188     
256     
-30     
196     
58      
0       
100     
-69     
-77     
19      
204     
108     
-130    
-62     
78      
57      
-106    
-7      
68      
148     
176     
221     
-50     
19      
116     
-47     
122     
40      
47      
244     
-102    
132     
47      
86      
23      
78      
31      
-6      
-84     
-108    
-119    
-114    
201     
64      
38      
205     
13      
-6      
80      
37      
-38     
60      
127     
92      
150     
79      
-79     
-60     
-38     
26      
41      
56      
32      
95      
208     
10      
79      
59      
0       
264     
249     
17      
136     
-46     
69      
-147    
121     
-42     
-44     
153     
119     
-102    
160     
22      
176     
83      
-132    
-39     
-33     
135     
-79     
-19     
150     
18      
231     
13      
205     
140     
30      
64      
-32     
54      
84      
-163    
4       
90      
182     
-40     
63      
40      
-16     
192     
-8      
73      
96      
30      
86      
173     
66      
-28     
97      
53      
-2      
55      
-32     
21      
145     
61      
-15     
38      
56      
-17     
133     
16      
137     
77      
233     
63      
211     
45      
154     
-249    
19      
138     
72      
-3      
41      
-97     
-31     
-15     
44      
212     
-15     
8       
28      
200     
195     
7       
-5      
-14     
206     
176     
-63     
176     
-73     
34      
133     
1       
383     
183     
87      
-67     
168     
49      
0       
223     
-103    
5       
-35     
28      
39      
-15     
24      
-52     
31      
130     
202     
83      
143     
113     
104     
12      
35      
245     
105     
196     
271     
288     
500     
356     
478     
427     
341     
192     
346     
53      
98      
136     
69      
-154    
116     
105     
152     
16      
416     
46      
-13     
99      
89      
-159    
-27     
60      
31      
24      
12      
202     
95      
-67     
50      
-73     
-1      
112     
340     
-56     
-30     
-73     
-45     
-160    
208     
-12     
205     
45      
101     
-12     
101     
109     
104     
-16     
128     
34      
-72     
150     
-55     
-68     
-172    
-30     
115     
43      
117     
107     
-150    
44      
103     
-22     
-52     
69      
62      
3       
171     
28      
41      
1       
100     
-64     
1       
-1      
-20     
110     
10      
-57     
26      
172     
35      
-132    
-11     
20      
89      
-56     
154     
90      
190     
300     
173     
-94     
-37     
-67     
0       
60      
229     
15      
-19     
60      
-96     
-23     
109     
-8      
88      
-54     
-68     
138     
-3      
-47     
145     
117     
-84     
-55     
-52     
30      
62      
90      
-111    
120     
217     
36      
64      
-11     
-83     
68      
65      
-55     
-19     
-128    
26      
173     
128     
142     
55      
-71     
149     
256     
-20     
110     
94      
-50     
394     
-171    
-259    
-216    
-217    
-241    
-198    
145     
-456    
-44     
125     
-191    
-173    
50      
134     
12      
-125    
-138    
225     
-72     
-39     
177     
-81     
86      
84      
110     
46      
176     
-90     
-34     
179     
103     
110     
30      
176     
-97     
183     
92      
-118    
23      
160     
-40     
125     
132     
99      
80      
-73     
20      
68      
137     
-36     
36      
-7      
146     
-96     
85      
131     
-22     
47      
-211    
-3      
39      
-12     
-14     
-108    
113     
74      
153     
106     
163     
34      
17      
130     
105     
-45     
-53     
-22     
39      
65      
-14     
23      
-50     
-22     
70      
-1      
-24     
-133    
112     
38      
-157    
-5      
-7      
113     
126     
-123    
-17     
6       
36      
187     
0       
118     
153     
-70     
-13     
146     
12      
15      
-73     
-20     
39      
113     
-195    
96      
46      
33      
118     
122     
-43     
146     
183     
-79     
65      
51      
20      
-167    
139     
-57     
-147    
13      
-42     
21      
-95     
183     
-28     
-174    
-85     
169     
32      
115     
-109    
56      
126     
-83     
150     
-78     
130     
-43     
-81     
-18     
69      
-15     
65      
32      
193     
101     
102     
-15     
86      
97      
134     
125     
102     
-53     
34      
-1      
67      
88      
113     
-76     
89      
-9      
117     
-150    
50      
177     
78      
41      
80      
261     
279     
396     
694     
814     
964     
1102    
1160    
1250    
1158    
976     
726     
380     
243     
343     
7       
-14     
58      
-1      
-43     
0       
-101    
-118    
-458    
-82     
-40     
-158    
-15     
-149    
22      
96      
-251    
78      
71      
-14     
-27     
-109    
-7      
-75     
-17     
-71     
-31     
30      
118     
-138    
53      
-61     
241     
53      
-44     
-97     
24      
144     
-14     
-139    
63      
117     
72      
-34     
116     
-15     
56      
-13     
-95     
117     
-47     
44      
65      
-7      
12      
-73     
150     
12      
143     
-17     
113     
94      
121     
76      
47      
56      
16      
105     
153     
10      
8       
-118    
7       
-70     
-130    
152     
86      
10      
99      
-101    
4       
-84     
-198    
1       
139     
-22     
-99     
55      
-126    
54      
-2      
-23     
73      
-31     
78      
37      
-110    
16      
-41     
52      
132     
-146    
-141    
-76     
-94     
-177    
126     
-165    
-58     
143     
10      
-115    
32      
167     
-111    
57      
-125    
27      
134     
-15     
-106    
-40     
28      
173     
-48     
96      
60      
54      
116     
168     
91      
106     
210     
-88     
60      
-131    
93      
207     
155     
85      
158     
168     
111     
-61     
19      
-54     
-82     
-107    
-30     
181     
-109    
97      
239     
60      
-43     
148     
-43     
86      
-139    
-78     
-20     
-18     
-189    
-39     
-61     
63      
113     
88      
6       
99      
50      
111     
218     
34      
40      
74      
74      
42      
114     
-16     
21      
-20     
80      
-37     
-10     
13      
-53     
3       
-27     
22      
20      
-40     
-19     
-64     
-164    
54      
-98     
-27     
-9      
-78     
-142    
103     
30      
-52     
127     
-48     
-6      
99      
203     
9       
-62     
-1      
0       
1       
-66     
76      
231     
-18     
-42     
-10     
145     
13      
-26     
23      
-86     
131     
113     
-64     
141     
177     
105     
-143    
15      
75      
141     
-29     
76      
9       
-14     
-183    
39      
-12     
-38     
42      
63      
-32     
-32     
99      
167     
-49     
4       
0       
42      
-9      
46      
-68     
30      
21      
10      
-171    
-75     
118     
39      
24      
-36     
-79     
33      
-25     
-37     
-31     
-42     
43      
60      
68      
-63     
39      
-71     
-144    
-54     
139     
227     
-122    
89      
-130    
105     
-70     
-147    
-216    
70      
34      
-211    
104     
-53     
144     
-2      
144     
-130    
63      
43      
82      
47      
28      
-87     
-3      
68      
139     
50      
-16     
114     
12      
-13     
-8      
-4      
-75     
-43     
-21     
138     
109     
-89     
-67     
0       
82      
24      
-114    
63      
8       
46      
-18     
66      
-40     
34      
-85     
35      
137     
122     
42      
6       
99      
89      
23      
60      
-142    
112     
218     
-42     
14      
118     
42      
-80     
-116    
170     
40      
63      
10      
-100    
19      
111     
-78     
39      
92      
194     
-11     
204     
-3      
-73     
-57     
60      
59      
200     
-134    
60      
-21     
-35     
72      
172     
82      
-91     
-10     
155     
171     
-46     
58      
18      
-42     
226     
-30     
-9      
-58     
-67     
39      
159     
35      
128     
84      
90      
95      
198     
-24     
8       
157     
219     
243     
211     
388     
515     
659     
655     
923     
731     
759     
504     
502     
427     
189     
214     
190     
185     
-41     
103     
200     
202     
86      
-73     
88      
169     
242     
-140    
-7      
46      
92      
206     
-47     
67      
80      
177     
136     
-11     
-107    
40      
-31     
-94     
-41     
-106    
-62     
-8      
16      
93      
-18     
-49     
178     
118     
0       
-93     
1       
72      
-191    
7       
32      
184     
106     
67      
49      
77      
-6      
89      
-12     
-16     
88      
-14     
89      
-115    
-80     
-10     
30      
-9      
-7      
9       
-17     
84      
-73     
125     
-3      
-70     
-32     
58      
96      
-75     
64      
-12     
254     
188     
511     
390     
676     
777     
998     
1065    
1107    
817     
897     
764     
432     
454     
389     
22      
61      
64      
130     
184     
198     
164     
6       
-6      
-97     
108     
53      
-4      
87      
-49     
237     
20      
189     
-34     
53      
36      
-142    
-142    
283     
-151    
-165    
-200    
70      
34      
-7      
98      
-89     
-114    
37      
-22     
18      
-96     
61      
-67     
21      
24      
82      
152     
45      
92      
70      
19      
32      
-10     
89      
60      
-78     
3       
-91     
-66     
-46     
21      
-120    
93      
-47     
-163    
-61     
-186    
31      
23      
-58     
-51     
79      
-59     
-38     
-18     
-66     
21      
11      
78      
79      
-94     
-43     
-68     
28      
14      
83      
30      
-70     
97      
117     
226     
152     
178     
78      
-1      
-34     
-63     
21      
12      
67      
64      
47      
26      
101     
36      
-160    
60      
-173    
156     
56      
190     
-164    
-45     
141     
58      
-60     
-101    
28      
-60     
-108    
-60     
0       
213     
-165    
-21     
78      
225     
19      
49      
10      
-47     
-21     
69      
-116    
60      
-12     
-79     
48      
18      
-116    
0       
64      
223     
-64     
12      
-28     
-9      
104     
-103    
-81     
80      
77      
41      
57      
-66     
-12     
13      
56      
-47     
-66     
5       
95      
183     
32      
15      
122     
48      
-60     
-43     
140     
213     
163     
-2      
53      
52      
-94     
46      
115     
131     
65      
-27     
-38     
164     
12      
29      
53      
-7      
110     
-38     
180     
69      
25      
0       
-53     
-93     
177     
153     
35      
20      
8       
178     
-244    
-18     
-24     
31      
150     
68      
19      
11      
194     
-26     
46      
-108    
95      
-52     
-105    
8       
-98     
5       
-179    
-77     
14      
-91     
-60     
-8      
-129    
-19     
-24     
141     
109     
-27     
28      
-19     
10      
-54     
116     
-114    
73      
-37     
-85     
-30     
96      
-24     
73      
-31     
-85     
82      
-60     
122     
-87     
352     
66      
16      
84      
165     
-9      
18      
-17     
-73     
-158    
292     
-127    
-80     
82      
28      
32      
78      
91      
31      
94      
32      
18      
47      
-71     
46      
-97     
-69     
-17     
-60     
48      
-131    
36      
-129    
-158    
12      
-51     
62      
-24     
-50     
44      
153     
-13     
-102    
64      
-236    
18      
-55     
75      
-119    
-30     
1       
15      
35      
188     
-93     
-37     
85      
-11     
-148    
-82     
-78     
-158    
-74     
101     
61      
-46     
-113    
-18     
201     
-37     
-42     
74      
10      
-3      
-84     
17      
9       
-112    
-15     
-38     
38      
-150    
-38     
8       
12      
-133    
-62     
-121    
48      
229     
-11     
103     
293     
293     
161     
211     
-21     
85      
121     
40      
170     
58      
228     
100     
-28     
-2      
98      
169     
-63     
45      
-239    
116     
152     
-60     
-6      
66      
-22     
23      
6       
40      
-37     
-99     
143     
-119    
-105    
35      
-108    
-41     
100     
-46     
87      
-37     
-139    
93      
120     
-99     
86      
70      
44      
-51     
24      
-24     
-83     
57      
167     
-129    
7       
151     
66      
-87     
33      
100     
-22     
-7      
-82     
53      
54      
-132    
-101    
131     
5       
-66     
20      
-17     
-56     
46      
70      
194     
-69     
-16     
-107    
41      
145     
138     
-3      
144     
-41     
-85     
214     
35      
89      
-135    
23      
55      
106     
-46     
-154    
126     
17      
-31     
-169    
-110    
-165    
27      
243     
-107    
60      
11      
2       
151     
329     
-6      
117     
-79     
55      
8       
-37     
47      
-38     
-30     
37      
117     
-24     
25      
48      
-9      
30      
34      
47      
98      
6       
-15     
150     
8       
-75     
5       
-48     
58      
110     
90      
3       
-17     
29      
8       
0       
-155    
-34     
-218    
20      
-46     
135     
190     
-12     
46      
-77     
-51     
85      
111     
-105    
147     
45      
-135    
-60     
-31     
-75     
-4      
-20     
-50     
-28     
-19     
89      
-41     
34      
90      
0       
69      
-24     
-160    
-29     
-50     
23      
-109    
24      
9       
0       
23      
36      
166     
28      
-89     
88      
66      
-9      
5       
100     
8       
15      
24      
20      
3       
33      
128     
182     
13      
8       
27      
-50     
18      
3       
109     
7       
54      
9       
112     
-265    
61      
-90     
-92     
-103    
68      
-108    
63      
105     
-81     
-65     
-226    
-53     
-101    
44      
-86     
-113    
-75     
23      
-185    
21      
-48     
-41     
140     
116     
-78     
39      
-78     
125     
55      
-92     
37      
-17     
70      
-31     
21      
-67     
9       
14      
16      
111     
14      
68      
30      
-128    
14      
-19     
-13     
24      
22      
-104    
-10     
-86     
-21     
77      
-91     
-1      
-103    
-42     
7       
50      
16      
-131    
-64     
-15     
-40     
84      
-102    
118     
71      
-34     
-95     
109     
15      
-77     
75      
-40     
-14     
60      
200     
142     
151     
60      
156     
-34     
172     
-3      
51      
-138    
54      
-129    
-23     
28      
94      
-61     
-205    
-35     
-103    
60      
0       
109     
-54     
-70     
41      
-110    
39      
58      
-31     
45      
-27     
0       
33      
-61     
90      
-28     
69      
118     
138     
-23     
12      
10      
18      
-15     
-76     
29      
-6      
-72     
95      
-55     
-57     
-26     
11      
28      
-20     
93      
-44     
67      
140     
-16     
-2      
-46     
48      
-81     
6       
74      
14      
-89     
-6      
-124    
94      
45      
19      
116     
-34     
-123    
13      
1       
-22     
-61     
62      
1       
-182    
-57     
-31     
100     
-99     
-111    
89      
26      
-64     
-52     
85      
130     
-17     
104     
-121    
82      
-40     
-26     
2       
53      
43      
-22     
23      
-76     
45      
-95     
-36     
86      
113     
86      
-17     
99      
-11     
37      
-17     
18      
116     
52      
-45     
-101    
26      
33      
75      
97      
45      
19      
0       
4       
39      
22      
51      
-34     
20      
-4      
75      
-26     
15      
-165    
8       
-81     
-54     
-129    
-112    
-50     
34      
-93     
25      
-46     
-31     
56      
93      
-201    
-38     
-28     
41      
-29     
61      
13      
-17     
5       
67      
67      
-93     
-122    
-17     
8       
-40     
-54     
36      
85      
-32     
97      
2       
-70     
28      
-66     
-5      
38      
-78     
-30     
-66     
-2      
9       
10      
-13     
-1      
-65     
137     
4       
151     
10      
-52     
10      
-95     
53      
-28     
-118    
-78     
102     
-67     
32      
27      
129     
49      
95      
-62     
-36     
-45     
-31     
-95     
64      
23      
-7      
75      
-23     
50      
117     
-8      
80      
11      
50      
81      
-56     
-55     
6       
-43     
47      
55      
-19     
73      
71      
-88     
26      
44      
-35     
-108    
-32     
-47     
-58     
-46     
-28     
28      
-167    
53      
-43     
-61     
40      
80      
-73     
0       
-59     
-94     
-104    
-90     
-20     
-52     
-44     
-24     
-29     
-113    
-12     
60      
31      
79      
69      
35      
-80     
-206    
-77     
95      
-65     
84      
-61     
86      
-9      
25      
-24     
-38     
-102    
-42     
-18     
1       
58      
-22     
-57     
-88     
87      
124     
27      
-22     
-140    
22      
4       
-30     
-13     
-69     
41      
62      
-35     
17      
33      
13      
-18     
-6      
-60     
79      
48      
-85     
16      
-40     
39      
38      
58      
41      
-83     
173     
5       
16      
110     
-38     
43      
-42     
44      
-13     
31      
-58     
-24     
54      
-66     
4       
-23     
-63     
8       
-23     
5       
47      
20      
35      
19      
32      
0       
0       
-107    
-63     
-43     
-28     
-4      
45      
-26     
104     
20      
-21     
69      
11      
-9      
-48     
-25     
86      
-50     
64      
79      
105     
164     
181     
325     
444     
656     
751     
1013    
1086    
1407    
1235    
1073    
1206    
947     
778     
506     
329     
325     
135     
179     
49      
-20     
46      
-23     
87      
-19     
-69     
7       
32      
-7      
-57     
29      
-52     
-15     
60      
67      
62      
30      
-17     
-22     
50      
-55     
76      
122     
-54     
-53     
-58     
14      
33      
29      
75      
-30     
-26     
91      
35      
-69     
-114    
-97     
31      
-76     
-18     
-30     
32      
-25     
30      
43      
-29     
27      
-16     
-35     
-44     
-27     
-27     
-27     
2       
88      
-80     
18      
-74     
-42     
1       
23      
-7      
-21     
-99     
-129    
-20     
-43     
36      
8       
-30     
106     
15      
38      
21      
-34     
5       
-13     
-4      
54      
27      
17      
-3      
-41     
-49     
-58     
-46     
11      
-46     
64      
-43     
32      
-28     
25      
95      
-22     
-9      
110     
-45     
25      
-38     
-89     
-81     
15      
-77     
-2      
138     
-1      
-28     
-72     
-65     
48      
-14     
62      
0       
-34     
-5      
-36     
-9      
-149    
-29     
72      
7       
-3      
2       
2       
-29     
68      
-99     
-26     
31      
-84     
43      
-30     
22      
3       
10      
51      
-62     
-79     
25      
-63     
5       
41      
75      
-113    
-92     
-14     
22      
43      
42      
3       
-82     
-26     
48      
121     
1       
23      
-31     
42      
179     
3       
26      
3       
-39     
26      
90      
75      
-485    
-752    
-908    
-529    
-725    
-853    
-1031   
-708    
-915    
-402    
-542    
-144    
-33     
76      
36      
-28     
59      
-42     
-42     
51      
4       
-2      
57      
-10     
14      
-41     
41      
4       
-5      
-52     
-10     
-44     
-7      
-63     
1       
53      
32      
-21     
-34     
2       
0       
-3      
-19     
-1      
-10     
53      
-32     
12      
5       
20      
31      
-20     
-67     
-64     
29      
-37     
-20     
-37     
8       
-17     
-35     
43      
68      
26      
58      
36      
31      
37      
34      
-26     
-52     
-16     
6       
-11     
-47     
-44     
41      
34      
-69     
-52     
-38     
-65     
-41     
0       
-41     
19      
-6      
-36     
2       
-20     
13      
24      
45      
34      
-49     
-55     
80      
-49     
-33     
27      
-59     
-12     
15      
0       
-26     
0       
-19     
-3      
-44     
-6      
-41     
-37     
-77     
-21     
-32     
60      
-83     
-18     
81      
3       
-7      
-17     
29      
-9      
-11     
-98     
-105    
-73     
-4      
-9      
28      
3       
29      
1       
-29     
-14     
7       
55      
-69     
63      
51      
-90     
2       
-49     
-20     
12      
50      
36      
7       
-11     
4       
-38     
44      
-46     
-12     
44      
3       
40      
0       
-60     
-37     
-38     
-143    
-35     
10      
-17     
-20     
37      
-59     
-29     
23      
-61     
-20     
-50     
16      
-75     
47      
21      
3       
16      
15      
9       
37      
-4      
-25     
-1      
-50     
-11     
35      
-36     
-47     
38      
-46     
-7      
27      
-28     
37      
-22     
80      
11      
15      
24      
52      
15      
22      
-38     
-35     
16      
25      
0       
18      
-10     
-51     
39      
11      
-1      
95      
-4      
-45     
-61     
-26     
15      
-91     
45      
1       
15      
-61     
19      
-27     
54      
29      
47      
-13     
-37     
-2      
16      
-36     
-64     
29      
6       
-13     
10      
-13     
27      
23      
3       
-43     
-55     
-84     
-12     
-2      
63      
-7      
27      
50      
-52     
66      
1       
90      
3       
43      
69      
-21     
-11     
-32     
-9      
5       
-6      
59      
4       
29      
-64     
-71     
11      
2       
-91     
-30     
43      
-4      
-1      
-46     
32      
-36     
17      
-34     
-47     
65      
11      
-28     
-16     
72      
19      
43      
-41     
-41     
76      
13      
-51     
-28     
-9      
-26     
11      
-6      
53      
4       
75      
-46     
-61     
-11     
5       
14      
-55     
19      
34      
-11     
-23     
47      
19      
61      
81      
33      
49      
-29     
-36     
41      
-29     
18      
33      
-31     
30      
-23     
18      
-8      
-59     
57      
5       
1       
-20     
-63     
-1      
1       
-20     
-15     
-101    
-17     
39      
14      
-20     
16      
18      
11      
3       
7       
23      
37      
-15     
27      
-26     
-26     
-35     
-50     
17      
6       
-12     
-58     
8       
-71     
-16     
51      
-5      
-30     
-52     
-7      
11      
38      
-25     
-66     
27      
21      
33      
8       
25      
23      
63      
-6      
-7      
40      
-32     
2       
20      
-14     
17      
37      
22      
17      
-79     
33      
-11     
24      
-19     
-11     
-5      
-33     
-56     
-37     
-60     
25      
26      
26      
45      
-14     
20      
-96     
-14     
-48     
-4      
-3      
17      
19      
52      
17      
-18     
-44     
-45     
19      
-12     
28      
-60     
-54     
-68     
28      
6       
-120    
0       
-75     
80      
-86     
-49     
87      
-3      
-73     
-39     
-36     
34      
-67     
-63     
-33     
-16     
5       
65      
61      
-93     
71      
-48     
15      
-59     
-60     
20      
-52     
-30     
35      
16      
57      
-71     
24      
22      
25      
52      
71      
14      
-14     
32      
-1      
-29     
-2      
-30     
-31     
99      
54      
29      
-1      
-29     
12      
-46     
31      
23      
37      
9       
7       
58      
37      
-39     
18      
-16     
13      
-5      
-10     
-25     
-25     
-9      
-10     
-17     
9       
34      
48      
10      
-12     
-33     
-40     
-30     
50      
9       
-31     
-55     
-35     
-34     
-5      
14      
38      
84      
-12     
-34     
-7      
59      
25      
-26     
12      
17      
-13     
20      
11      
6       
32      
19      
-21     
-75     
4       
13      
27      
0       
-37     
67      
45      
1       
-89     
64      
28      
-92     
19      
61      
15      
-3      
47      
135     
0       
-28     
-50     
-17     
14      
19      
-38     
1       
-27     
30      
-70     
-27     
30      
-15     
35      
-13     
3       
18      
0       
-4      
23      
-24     
35      
20      
-100    
-18     
-12     
45      
-59     
5       
-2      
13      
31      
2       
-115    
18      
-42     
-14     
-6      
-5      
-10     
-38     
40      
1       
-38     
-10     
27      
-24     
54      
-11     
-42     
-70     
38      
17      
28      
7       
-32     
-26     
-33     
-24     
45      
-13     
89      
7       
-16     
3       
-43     
41      
-58     
81      
-6      
50      
27      
45      
12      
-16     
16      
3       
-7      
-36     
23      
-4      
38      
6       
-8      
-35     
35      
-13     
-41     
-19     
32      
2       
-29     
-39     
-22     
1       
-84     
6       
27      
-44     
-5      
-33     
2       
1       
16      
-43     
41      
3       
24      
-74     
13      
17      
-27     
12      
8       
-7      
-11     
-68     
30      
34      
12      
-5      
6       
5       
-10     
-18     
8       
-12     
-4      
11      
-10     
-40     
-72     
51      
43      
-24     
-56     
-37     
27      
-45     
-42     
-51     
62      
-26     
-4      
7       
0       
-39     
10      
-59     
41      
-33     
-28     
19      
31      
-51     
-42     
-20     
-28     
5       
46      
17      
25      
48      
-35     
44      
-24     
35      
3       
3       
-69     
-23     
1       
-37     
6       
27      
6       
-5      
67      
-31     
-1      
-8      
6       
-64     
21      
2       
8       
47      
-11     
3       
2       
-20     
11      
17      
22      
-58     
24      
-9      
5       
-18     
-21     
-19     
1       
-58     
10      
-61     
-45     
-24     
6       
-14     
20      
3       
-51     
10      
0       
10      
-21     
-33     
40      
1       
-36     
22      
-3      
49      
21      
-18     
-29     
-43     
-12     
-32     
-37     
-2      
4       
14      
4       
20      
20      
-22     
-30     
34      
-52     
-1      
-23     
-36     
0       
-12     
-32     
-30     
-38     
-26     
-20     
43      
29      
22      
45      
-46     
8       
-13     
26      
0       
12      
-50     
5       
-2      
47      
-34     
-48     
-20     
-37     
-14     
2       
-24     
-54     
-63     
-5      
-43     
-54     
-21     
11      
31      
-4      
-15     
-45     
-4      
-38     
21      
-48     
-17     
5       
-62     
-38     
-23     
-34     
10      
-16     
-15     
-31     
-28     
17      
-41     
15      
-16     
-35     
13      
-60     
65      
31      
50      
22      
21      
54      
-40     
9       
-66     
67      
2       
-6      
-14     
33      
12      
6       
-12     
-53     
33      
-49     
-49     
30      
-18     
-28     
-46     
9       
27      
2       
20      
-10     
21      
-3      
25      
36      
-12     
-5      
39      
-22     
-2      
-42     
24      
52      
-14     
23      
-26     
-38     
40      
-9      
10      
0       
-1      
9       
5       
-37     
-3      
-17     
122     
-62     
6       
-102    
-74     
108     
-70     
-8      
-16     
-32     
-12     
73      
7       
-22     
59      
3       
-55     
-42     
-28     
-45     
-21     
-26     
22      
48      
-39     
6       
7       
-29     
-37     
-25     
-8      
16      
49      
-62     
-3      
-6      
-29     
-5      
-33     
-2      
26      
-16     
8       
18      
-80     
-3      
-18     
-2      
-6      
-77     
-47     
-40     
-14     
-27     
19      
-22     
28      
-95     
27      
11      
17      
-5      
-8      
17      
-2      
29      
-28     
-35     
-13     
-37     
40      
-25     
-56     
5       
-10     
-9      
-43     
-4      
-2      
-11     
-63     
-7      
5       
2       
-13     
37      
23      
-45     
12      
-31     
10      
-18     
-2      
35      
-23     
21      
-24     
-37     
-5      
-29     
6       
19      
-15     
-22     
-55     
22      
-2      
-31     
15      
19      
-49     
11      
13      
-26     
26      
46      
-22     
-51     
27      
-11     
-12     
-199    
50      
-141    
8       
-131    
-51     
-97     
35      
-144    
-17     
-33     
-20     
-1      
-27     
21      
4       
-45     
-24     
-8      
5       
2       
-64     
0       
48      
32      
-38     
45      
-21     
15      
8       
-34     
0       
-70     
14      
10      
-22     
47      
-29     
-12     
77      
7       
-8      
14      
-37     
-19     
-11     
5       
-20     
45      
51      
4       
0       
15      
-15     
8       
-5      
-17     
-15     
-74     
-3      
15      
-21     
9       
-27     
-77     
39      
-14     
-1      
-47     
-2      
8       
3       
-47     
10      
-46     
-24     
50      
47      
-29     
15      
34      
15      
14      
11      
34      
11      
11      
2       
-52     
34      
-11     
-20     
-9      
29      
-1      
-15     
-1      
24      
-3      
-5      
17      
-24     
40      
-7      
-29     
52      
-5      
9       
-34     
-53     
-23     
41      
10      
28      
-67     
-2      
84      
-19     
1       
-16     
-38     
22      
54      
-6      
-18     
1       
-5      
0       
22      
0       
-5      
-32     
10      
-3      
71      
-28     
13      
5       
-60     
-29     
54      
-41     
35      
-28     
27      
-4      
9       
-27     
-14     
8       
10      
-15     
25      
-6      
-21     
-26     
-26     
-36     
23      
-7      
-1      
-55     
-27     
39      
13      
-31     
22      
-20     
15      
17      
-3      
-5      
-26     
-23     
12      
4       
1       
25      
19      
15      
-61     
-60     
1       
9       
9       
-22     
-39     
-12     
3       
-9      
-2      
3       
33      
-67     
25      
5       
29      
-11     
-39     
-24     
-33     
-51     
1       
-9      
26      
59      
-72     
8       
2       
-46     
-4      
35      
19      
36      
-23     
-34     
-8      
5       
34      
1       
27      
29      
4       
29      
-8      
12      
-77     
-18     
-15     
-43     
25      
-9      
-31     
-14     
0       
13      
0       
19      
-42     
54      
10      
-23     
-47     
3       
-4      
17      
-4      
-2      
-39     
-45     
-36     
-24     
0       
-14     
20      
-33     
-49     
-39     
-21     
-3      
-14     
19      
-30     
-13     
-17     
4       
-16     
-39     
-2      
-35     
-2      
-4      
-5      
-6      
-47     
-12     
-46     
-23     
-21     
6       
-43     
10      
-23     
-60     
4       
-58     
60      
-18     
22      
-31     
-46     
21      
14      
-6      
24      
-22     
-7      
23      
-37     
10      
-38     
33      
-9      
-10     
-6      
9       
-11     
18      
51      
20      
-2      
-27     
-33     
12      
22      
12      
17      
-26     
22      
-45     
-3      
-50     
-13     
43      
-1      
-35     
24      
-3      
13      
-17     
-6      
43      
-19     
0       
-51     
51      
34      
-42     
0       
15      
-4      
-9      
36      
-5      
16      
-20     
22      
6       
-82     
-22     
1       
32      
11      
33      
6       
-11     
8       
31      
-52     
-43     
-5      
-1      
32      
-77     
-8      
10      
0       
22      
15      
-25     
39      
20      
65      
16      
-2      
54      
2       
-16     
-8      
4       
-1      
-43     
-9      
48      
-24     
-19     
-28     
-24     
-40     
-23     
35      
0       
34      
-8      
-19     
-9      
-38     
8       
-17     
-37     
-70     
-9      
-6      
-32     
3       
-18     
3       
-5      
-50     
0       
-15     
5       
-17     
-38     
19      
42      
21      
-28     
-24     
25      
60      
-6      
2       
-10     
43      
66      
-8      
-57     
15      
-36     
17      
-7      
17      
-38     
-34     
26      
-19     
53      
23      
-5      
-28     
8       
-2      
33      
-29     
44      
15      
-54     
7       
-40     
-86     
14      
-17     
85      
-26     
-42     
-49     
38      
-26     
24      
-31     
-31     
-43     
18      
-9      
-55     
26      
11      
1       
29      
0       
-13     
17      
-11     
25      
0       
-2      
34      
-51     
-34     
-37     
-59     
29      
36      
36      
5       
52      
-45     
-12     
27      
-56     
-52     
8       
-20     
-23     
5       
28      
28      
17      
1       
-5      
-9      
42      
52      
8       
-16     
44      
-6      
10      
-5      
15      
2       
10      
-47     
20      
19      
-26     
-15     
-11     
-17     
-50     
-32     
2       
-1      
-5      
11      
0       
-27     
17      
11      
-20     
-63     
-8      
19      
-3      
-39     
-49     
-43     
-5      
-4      
5       
-29     
20      
-11     
6       
3       
39      
50      
-3      
25      
-2      
8       
-80     
53      
-12     
-2      
-1      
41      
-21     
-58     
-12     
22      
-1      
45      
42      
25      
36      
-21     
-1      
-55     
-36     
22      
-20     
-20     
-24     
-20     
12      
29      
-26     
-13     
-37     
-29     
-35     
41      
-34     
14      
8       
-30     
-13     
11      
34      
16      
31      
-37     
7       
-15     
-32     
-48     
35      
-5      
-7      
7       
-60     
0       
-30     
26      
0       
-8      
-7      
18      
-9      
-6      
8       
21      
-25     
-30     
22      
-24     
-42     
-4      
-17     
-10     
5       
-31     
-21     
-5      
23      
-6      
-4      
-26     
5       
21      
29      
-41     
-11     
18      
22      
-13     
-17     
-28     
-3      
-17     
40      
-30     
-57     
13      
-17     
16      
-1      
9       
-34     
13      
-18     
-26     
-3      
19      
-13     
-18     
-43     
-11     
4       
-13     
7       
36      
-39     
22      
18      
21      
10      
31      
-15     
-15     
0       
-15     
-1      
58      
29      
31      
-34     
-5      
-10     
-4      
-32     
-3      
-7      
-26     
-11     
-80     
0       
-44     
17      
0       
-37     
-20     
-9      
42      
10      
28      
1       
10      
-5      
1       
44      
-58     
-5      
-13     
12      
-17     
-38     
-47     
-23     
-9      
45      
-8      
-52     
-18     
-23     
51      
-56     
25      
-13     
-14     
-5      
-23     
-53     
-22     
12      
18      
22      
24      
-22     
3       
-3      
-9      
16      
-6      
-20     
29      
-2      
37      
-3      
-18     
27      
15      
16      
13      
-6      
62      
-2      
-33     
-46     
9       
14      
-17     
-1      
-28     
-13     
7       
-34     
2       
2       
17      
-22     
-20     
0       
-38     
-46     
12      
-32     
18      
31      
-14     
-30     
-16     
10      
10      
9       
-36     
-37     
-6      
71      
20      
-19     
36      
-18     
-38     
-44     
11      
35      
-52     
-26     
-3      
29      
47      
-32     
-27     
-40     
2       
6       
23      
-10     
21      
35      
4       
15      
-22     
14      
-14     
18      
47      
19      
-11     
-20     
-7      
68      
-57     
32      
-14     
-45     
-33     
-17     
36      
-16     
-26     
35      
4       
-48     
-39     
1       
30      
29      
-1      
-68     
30      
31      
17      
27      
35      
18      
-13     
47      
-48     
-4      
0       
-24     
29      
-6      
16      
-16     
36      
19      
-1      
-8      
-26     
11      
-17     
-52     
-47     
21      
-77     
-46     
0       
-1      
-66     
-14     
14      
-44     
26      
21      
3       
-34     
-12     
-5      
7       
-3      
19      
7       
24      
13      
2       
2       
15      
30      
16      
25      
10      
-32     
43      
23      
-25     
37      
-6      
11      
-26     
-5      
30      
9       
-18     
-17     
-15     
58      
3       
5       
-3      
-29     
30      
25      
28      
-21     
-10     
-1      
18      
14      
-14     
1       
-51     
51      
-12     
-3      
49      
-33     
25      
14      
23      
-15     
-3      
-4      
0       
15      
17      
-17     
14      
-5      
5       
-17     
22      
22      
-10     
-4      
-17     
-20     
-20     
-9      
-23     
6       
-2      
-26     
19      
8       
-42     
26      
19      
-42     
-12     
-18     
-19     
29      
1       
-10     
21      
-10     
5       
-21     
29      
4       
-11     
43      
39      
-23     
-31     
22      
1       
-53     
31      
-10     
-23     
-2      
2       
-25     
3       
9       
2       
15      
21      
-3      
17      
-50     
3       
-24     
1       
-36     
1       
-25     
27      
-14     
-20     
-53     
-47     
0       
-5      
-11     
-24     
-16     
21      
-10     
3       
24      
-21     
-22     
-28     
2       
19      
30      
10      
-37     
-3      
-25     
6       
35      
11      
27      
-31     
-24     
25      
-23     
17      
6       
-10     
12      
-11     
-50     
-2      
15      
-37     
-75     
42      
15      
2       
-21     
54      
15      
-34     
2       
-15     
12      
5       
-4      
33      
0       
-26     
-31     
11      
-46     
3       
-24     
4       
2       
-73     
14      
-41     
-18     
-9      
0       
8       
-14     
-42     
-15     
-31     
31      
-5      
17      
-33     
-35     
8       
0       
38      
-8      
10      
-10     
22      
24      
19      
-24     
-25     
-48     
-4      
-14     
-23     
-1      
-36     
8       
-36     
-45     
-10     
-8      
-36     
-7      
-11     
9       
24      
-24     
18      
7       
-18     
0       
22      
-43     
-43     
46      
-10     
37      
11      
-9      
20      
42      
-57     
8       
29      
-1      
-16     
55      
75      
-9      
-53     
2       
34      
-31     
27      
-50     
69      
-36     
-5      
-1      
25      
-4      
-20     
18      
-14     
52      
-64     
16      
8       
19      
2       
-3      
-17     
37      
-24     
67      
-28     
-13     
2       
-26     
24      
-106    
-16     
-7      
49      
-42     
-35     
16      
-87     
20      
9       
116     
-27     
-45     
-7      
30      
23      
23      
25      
-23     
-63     
-54     
-18     
-69     
10      
21      
18      
0       
18      
-35     
26      
12      
19      
-3      
10      
-33     
1       
51      
2       
22      
10      
24      
-3      
-24     
22      
12      
-23     
-15     
-11     
20      
23      
-29     
44      
24      
-10     
18      
-10     
-82     
12      
31      
19      
-52     
1       
-23     
21      
-45     
2       
19      
35      
-4      
-45     
32      
-23     
-42     
-8      
19      
6       
-6      
-20     
7       
8       
-72     
-4      
0       
32      
-3      
-25     
-46     
2       
-40     
-12     
-2      
-45     
-8      
34      
-3      
40      
-13     
10      
-37     
-33     
-18     
-20     
8       
6       
-46     
0       
-29     
-12     
-39     
-2      
-25     
51      
-21     
-18     
-26     
-42     
28      
63      
-20     
19      
1       
3       
21      
6       
0       
-33     
-17     
-13     
29      
2       
4       
18      
-36     
-14     
4       
21      
-22     
-9      
6       
4       
66      
38      
-44     
-3      
-67     
-23     
-7      
-1      
37      
0       
-35     
-10     
-21     
-25     
25      
18      
-5      
-14     
-11     
-5      
56      
-5      
2       
-6      
-13     
7       
-13     
-11     
-17     
-16     
-2      
-3      
-1      
-6      
4       
-12     
-63     
56      
-10     
13      
40      
27      
-40     
-69     
-16     
-13     
9       
18      
-8      
22      
49      
30      
12      
0       
-1      
29      
-17     
16      
24      
12      
7       
22      
28      
41      
21      
24      
24      
9       
15      
-46     
16      
-9      
46      
8       
-36     
0       
37      
-17     
-9      
28      
11      
41      
-12     
25      
-29     
0       
-4      
8       
-11     
20      
44      
-1      
31      
-32     
-17     
14      
17      
-49     
-20     
7       
12      
32      
-37     
-53     
-18     
28      
31      
-40     
-7      
11      
-36     
-24     
5       
9       
0       
-6      
24      
-8      
27      
9       
34      
1       
5       
-67     
-21     
20      
-39     
25      
-11     
-1      
-17     
4       
-26     
4       
14      
-15     
-28     
21      
0       
1       
-15     
-12     
-1      
-1      
-7      
-32     
27      
-23     
3       
-40     
-38     
38      
-2      
-11     
31      
-41     
13      
3       
-17     
59      
-11     
-9      
44      
-41     
-16     
-18     
5       
-32     
30      
-1      
-16     
-49     
-25     
6       
-43     
-25     
-37     
19      
19      
34      
8       
-12     
8       
35      
1       
-21     
-20     
66      
0       
28      
-3      
3       
-31     
-24     
46      
-67     
32      
-12     
-48     
17      
53      
-2      
120     
63      
21      
-32     
46      
98      
2       
27      
36      
-16     
-37     
55      
-93     
-13     
47      
20      
26      
-13     
24      
-20     
28      
-10     
30      
32      
-29     
18      
24      
21      
-21     
-14     
54      
-47     
-48     
-29     
-24     
44      
-30     
-34     
-31     
15      
39      
-3      
18      
-4      
-18     
-30     
-9      
-1      
0       
1       
13      
-5      
-37     
-5      
-11     
-62     
3       
-17     
-24     
-15     
-30     
-54     
20      
-29     
18      
-42     
-4      
72      
-34     
-37     
-42     
27      
14      
-54     
1       
38      
-20     
-5      
77      
-11     
-11     
2       
-42     
-12     
-36     
-32     
30      
-1      
-4      
-39     
-25     
8       
8       
1       
22      
35      
-14     
-78     
6       
7       
5       
20      
21      
-33     
-14     
26      
-4      
11      
-45     
-19     
-34     
-69     
-9      
-23     
9       
16      
-27     
4       
-3      
17      
-4      
-17     
28      
20      
-17     
-4      
33      
-9      
12      
9       
-6      
-1      
-8      
-15     
-4      
4       
-15     
0       
-17     
-15     
46      
-7      
-7      
-35     
-55     
29      
-6      
26      
-22     
23      
19      
19      
16      
-18     
68      
-39     
-38     
5       
19      
9       
-34     
4       
-38     
-54     
-8      
-52     
-72     
7       
18      
-21     
-37     
-26     
4       
19      
31      
-23     
-34     
-59     
-15     
-47     
-10     
-12     
6       
1       
12      
-35     
14      
0       
-22     
-15     
10      
-5      
-50     
-9      
0       
11      
-22     
34      
-20     
41      
-18     
-21     
-28     
31      
-18     
-54     
-38     
0       
36      
22      
-25     
22      
28      
-9      
42      
4       
-29     
-7      
-39     
-8      
20      
-7      
10      
23      
30      
3       
12      
-18     
8       
-58     
-12     
-49     
-11     
-4      
7       
15      
34      
52      
23      
40      
4       
-10     
-30     
4       
10      
0       
-64     
-20     
-55     
3       
-38     
-17     
45      
6       
11      
-5      
-9      
-51     
24      
-20     
-7      
19      
15      
30      
8       
45      
-31     
8       
-14     
15      
13      
17      
32      
2       
-5      
36      
4       
-40     
16      
-9      
-36     
-34     
0       
-78     
-65     
4       
-44     
-40     
-14     
7       
-13     
17      
-36     
-24     
-12     
54      
30      
-19     
-42     
0       
-58     
26      
-78     
-15     
-8      
11      
-15     
13      
-20     
-55     
-25     
-41     
-43     
55      
-59     
49      
4       
-13     
-2      
-82     
47      
-20     
-25     
25      
-18     
11      
58      
-43     
-19     
11      
9       
33      
0       
42      
-10     
-45     
24      
11      
-31     
0       
37      
-23     
53      
14      
-21     
-31     
9       
20      
44      
-46     
-22     
28      
17      
16      
-20     
5       
-12     
4       
-33     
-26     
-2      
-21     
-14     
-13     
-16     
-7      
-24     
2       
19      
6       
-21     
-7      
-84     
-39     
37      
-14     
4       
-17     
31      
19      
5       
24      
-12     
-20     
44      
5       
-12     
-16     
0       
17      
17      
-9      
-14     
-2      
10      
-22     
15      
17      
-4      
-8      
-74     
-51     
37      
-24     
-84     
-24     
-11     
62      
-30     
8       
-23     
-62     
-10     
-11     
-20     
6       
-10     
2       
-14     
2       
-38     
12      
15      
-9      
8       
-29     
-21     
-16     
-52     
0       
40      
-30     
-5      
-8      
33      
14      
-27     
27      
-11     
-41     
1       
-19     
27      
26      
16      
-23     
24      
13      
-16     
39      
16      
-45     
27      
52      
18      
39      
-21     
-24     
-36     
-9      
-18     
19      
-27     
-1      
-23     
68      
-22     
-36     
-43     
-14     
-15     
14      
-54     
-29     
-26     
-8      
-6      
33      
-28     
-54     
7       
28      
5       
-35     
-16     
28      
8       
-39     
-37     
-25     
15      
-4      
-7      
1       
-33     
6       
-19     
-104    
-28     
34      
39      
-24     
-2      
-26     
-54     
8       
38      
-6      
47      
36      
37      
-20     
-69     
49      
-2      
-2      
-11     
-30     
44      
24      
-15     
14      
19      
-3      
4       
32      
-25     
41      
41      
-1      
23      
-2      
2       
1       
-41     
35      
-11     
10      
-73     
57      
40      
-37     
-9      
-23     
7       
1       
-19     
-18     
-54     
-18     
-28     
-12     
47      
36      
25      
-9      
-9      
-74     
16      
28      
-10     
-6      
8       
36      
25      
9       
-51     
2       
-38     
-7      
13      
-2      
-24     
-29     
58      
-4      
41      
-10     
20      
29      
-5      
-31     
-73     
40      
-51     
-42     
4       
-4      
38      
1       
-21     
0       
19      
-21     
-53     
6       
11      
-34     
22      
-79     
0       
-43     
41      
19      
14      
25      
-56     
26      
14      
23      
-30     
33      
6       
3       
-31     
0       
10      
64      
25      
-27     
61      
14      
-3      
-8      
35      
-39     
-22     
-16     
3       
2       
-17     
7       
19      
-7      
-9      
-50     
-19     
39      
-5      
15      
-1      
-18     
21      
9       
-32     
12      
7       
7       
-8      
5       
-8      
20      
-1      
0       
-26     
41      
-27     
-43     
-43     
19      
-11     
-22     
-6      
-20     
28      
-13     
-14     
1       
4       
-57     
-22     
-20     
20      
-20     
16      
-25     
0       
-10     
9       
0       
0       