$SPEC_ID:
No sample description was entered.
$SPEC_REM: 
DET# 1 
DETDESC# 1#GB 
AP# GammaVision Version 6.08 
$DATE_MEA: 
09/29/2022 11:55:46
$MEAS_TIM: 
23033 23033
$DATA: 
0 8191
       0
      30
       3
       0
       0
      35
       7
       0
       0
      40
      11
       0
       0
      47
      17
       0
       0
      59
      26
       0
       0
      80
      40
       0
       0
     126
      73
       0
       0
     411
     672
     168
       0
       0
     363
     631
     143
       0
       0
       0
       0
       0
       0
     149
     246
     251
     341
     333
      27
       0
       0
      69
      91
       0
       0
      31
     505
     662
     453
     222
     299
     620
     748
     354
       0
       0
       0
      68
       2
       0
       0
     181
     257
      63
       0
       0
       0
       0
     454
     556
       0
       0
       0
       0
     421
     314
      72
     187
     364
     224
      20
     145
     446
     563
     526
     556
     577
     405
     156
      40
       0
       0
       0
       0
       0
      65
      53
       0
       0
      76
     369
     662
     634
     309
     133
     345
     605
     549
     329
     268
     325
     318
     346
     531
     619
     341
       0
       0
     113
     167
     115
     351
     864
    1201
    1205
    1197
    1313
    1258
     900
     576
     516
     459
     164
       0
      12
     285
     261
       0
       0
     487
     990
     964
     551
     361
     638
     968
     915
     646
     602
     763
     667
     206
       0
      43
     279
      36
       0
       0
       0
     119
      32
       0
       0
     282
     428
     164
       0
       0
     272
     316
     123
     113
     392
     501
     130
       0
       0
       0
       0
       0
       0
      29
     169
       0
       0
       0
       0
       0
       0
      35
     487
     140
       0
      83
     767
     684
       0
       0
       0
       0
       0
       0
       0
       0
       0
       0
       0
       0
       0
       0
       0
      34
       0
       0
       0
      53
      38
     102
     271
     162
       0
       0
       0
      47
       0
       0
     102
     492
     296
       0
       0
       0
       0
       0
       0
       0
       0
       0
       0
       0
     150
       0
       0
       0
       0
       0
       0
     210
     217
       0
       0
       0
       0
       0
       0
       0
     468
     285
       0
       0
       0
       0
       0
       0
     114
     625
     555
       1
       0
       0
       0
       0
       0
       0
       0
       0
       0
       0
       0
     374
       0
       0
       0
       0
     320
     290
      61
     187
     515
     530
      78
       0
       0
       0
       0
       0
       0
       0
       0
       0
       0
       0
       0
       0
       0
       0
     109
     194
       0
       0
       0
       0
      40
       0
       0
      19
     240
       0
       0
       0
       0
       0
       0
       0
     602
     645
      79
       0
     423
     704
     279
       0
       0
       0
       0
       0
       0
       0
     150
       0
       0
       0
       0
       0
       0
       0
       0
       0
       0
       0
       0
       0
       0
       0
       0
       0
       0
       0
       0
     595
     821
     397
       0
       0
     138
       0
       0
       0
       0
       0
       0
       0
       0
      37
     153
      67
      43
     169
     295
     301
     211
      68
       0
       0
       0
      54
     199
     207
     234
     397
     492
     242
       0
       0
     295
     914
    1071
     878
     879
    1336
    2204
    3617
    5738
    8095
    9681
    9940
    9161
    7744
    5716
    3306
    1367
     581
     612
     629
     418
     383
     646
     779
     467
       0
       0
       0
       0
     230
      93
       0
       0
       0
       0
     117
     160
     226
     213
       0
       0
       0
     238
     536
     440
     316
     268
       0
       0
       0
     155
     467
     163
       0
     241
     639
     406
       0
     212
     813
     741
       0
       0
       0
     212
     137
      16
     327
     589
     236
       0
       0
     421
     579
     201
       0
     268
     497
     314
      63
     102
     213
      74
       0
       0
       0
       0
       0
     277
     478
     291
     115
     271
     444
     273
      74
     321
     731
     673
     257
     189
     570
     732
     393
      97
     207
     329
     152
      81
     461
     822
     615
     187
     248
     739
     989
     781
     522
     447
     358
     141
       0
       0
       0
       0
       0
     118
      44
       0
     440
    1097
    1062
     305
       0
     299
     799
     524
       0
       0
     454
     634
     317
     205
     562
     758
     409
      95
     449
    1097
    1168
     536
       0
       0
     152
     215
     106
     150
     332
     300
       0
       0
     140
     655
     864
     695
     468
     322
     122
       0
       0
     279
     418
      97
       0
       0
     418
     771
     613
     297
     285
     567
     760
     607
     238
       0
      24
     191
     249
     216
     300
     508
     559
     314
      35
      26
     221
     391
     533
     739
     855
     659
     301
     168
     298
     352
     205
     143
     326
     480
     381
     286
     484
     709
     487
       0
       0
     377
    1006
     998
     499
     281
     653
    1070
     919
     343
       0
     172
     544
     659
     441
     136
      18
     201
     551
     744
     612
     428
     555
     820
     650
       0
       0
       0
     477
     602
     306
     208
     398
     356
       0
       0
     132
     425
     217
       0
      17
     433
     502
     157
       0
     200
     535
     615
     559
     607
     677
     563
     323
     204
     268
     322
     190
       0
       0
       0
       0
     227
     382
     363
     310
     348
     416
     343
      74
       0
       0
       0
       0
      77
     124
     199
     256
     153
       0
       0
       0
      15
     100
     188
     429
     675
     629
     322
     135
     221
     257
       0
       0
       0
     418
     673
     468
     246
     354
     523
     401
     176
     220
     399
     301
      10
      21
     370
     513
     234
      16
     213
     462
     380
     283
     576
     894
     636
      59
       0
     453
     667
     255
       0
      91
     585
     695
     413
     150
      40
       0
      77
     327
     446
     234
      30
     221
     545
     457
      37
       0
     189
     458
     364
     147
      81
      42
       0
       0
       0
       0
     162
     321
     488
     523
     329
      89
      30
     125
     232
     376
     622
     794
     635
     214
       0
       0
       0
       0
       0
      89
     245
     233
     116
     125
     247
     181
       0
       0
       0
     207
     438
     221
       0
       0
      79
     237
     354
     478
     446
     117
       0
       0
       0
       0
       0
       0
       0
       0
      32
       0
       0
       0
       0
     155
     408
     577
     469
     122
       0
     260
    1063
    1815
    2121
    2138
    2243
    2401
    2193
    1514
     851
     620
     581
     277
       0
       0
     111
     404
     260
       0
       0
       4
       0
       0
       0
     104
     317
     301
     191
     209
     354
     442
     352
     135
       0
       0
       0
       0
     172
     482
     345
       0
       0
       0
      76
     126
       0
       0
     215
     370
     251
     101
     130
     199
     138
      53
     107
     230
     250
     155
      32
       0
       0
       0
       0
       0
       3
     208
     352
     356
     260
     203
     216
     199
     137
     181
     392
     567
     471
     134
       0
       0
      47
     300
     311
     139
      80
     206
     191
       0
       0
       0
     121
     126
       0
       0
       0
     160
       0
       0
       0
     289
     301
      11
       0
       0
       0
       0
       2
      91
       0
       0
       0
       2
     172
     186
     230
     343
     327
     135
       0
       0
       0
       0
       0
       0
       0
      34
     143
     238
     249
     250
     342
     402
     250
      15
       0
     175
     258
     153
      81
     161
     230
     162
      55
       8
      11
      78
     213
     235
       0
       0
       0
       0
      78
       0
       0
     101
     150
       0
       0
       0
       0
       0
       0
     110
     212
      86
       0
       0
     118
     119
       0
       0
       0
       0
       0
       0
       0
       0
       0
      86
     251
     145
      83
     386
     742
     608
     105
       0
     102
     270
      88
       0
      70
     245
      74
       0
       0
      87
     240
     144
      65
     124
     155
      87
      97
     269
     392
     263
       0
       0
       0
       0
      31
      21
       0
       0
       0
       0
       0
      29
      20
       0
       0
       6
     179
     147
       0
       0
       0
     122
     278
     212
      30
       0
      42
     146
      67
       0
       0
      26
     209
     139
       0
      18
     254
     327
     111
       0
       0
      78
       0
       0
       0
     115
     291
     133
       0
       0
       0
       7
     135
     263
     333
     233
       8
       0
       0
     109
     170
      28
       0
       0
       0
       0
      37
     276
     335
     210
       1
       0
       0
       0
      19
     169
     270
     279
     185
      51
       0
       0
      41
      32
       0
      19
     120
     210
     192
      81
       0
      63
     251
     375
     287
      86
      31
     205
     377
     295
       6
       0
       0
       0
       0
       0
      97
     250
     257
     164
      37
       0
       0
       0
       0
       0
      14
      58
     137
     155
      73
       0
       0
       0
       0
       0
      33
     225
     308
     460
     935
    1714
    2609
    3598
    4720
    5698
    6014
    5447
    4323
    3119
    2066
    1204
     606
     325
     241
     166
      59
      36
     171
     369
     446
     309
      57
       0
       0
       0
       0
       0
       0
       0
       0
       0
       0
       0
       0
       0
       0
       0
       0
       0
       0
       0
       0
      27
     124
     182
     159
      81
      25
       0
       0
       0
       0
     121
     235
     172
      70
      86
     126
      23
       0
       0
     106
     268
     264
     243
     294
     269
      64
       0
       0
     135
     183
      49
       0
     138
     275
     197
       7
       0
       0
      13
      13
      91
     234
     288
     229
     215
     291
     263
      22
       0
       0
      57
      66
       0
       0
       0
     264
     320
     101
       0
       0
       0
       0
      21
     112
     134
      87
      64
     122
     204
     219
     153
      63
       1
       0
       0
       0
       0
       0
       0
       0
       0
       0
      25
      63
     137
     260
     352
     303
     124
       0
       0
     102
     187
     143
      24
       0
       0
      70
     180
     154
       0
       0
       0
       0
      65
     157
      57
       0
       0
      49
       7
       0
       0
       0
       0
      40
     198
     212
      64
       0
       0
     108
      98
       0
       0
       8
      43
       0
       0
     169
     346
     286
     125
     127
     222
     107
       0
       0
       0
     193
     305
     158
      42
     102
     191
     143
       0
       0
       0
      40
      86
      51
       0
       0
      50
     120
      83
       0
       0
       0
     156
     246
     223
     175
     140
      61
       0
       0
      52
     105
       0
       0
       0
      91
     205
      86
       0
       8
     103
      41
       0
       0
       0
       0
       0
      43
     201
     273
     253
     258
     345
     434
     424
     313
     173
      82
      81
     144
     190
     173
     131
     102
      72
      41
      64
     147
     191
     137
      66
      53
      24
       0
       0
       0
       0
      31
       0
       0
       0
      11
      26
       3
       0
      26
     115
     216
     229
     112
       0
       0
      73
     108
      58
      24
      50
      85
     113
     166
     209
     168
      69
       8
       5
      17
      69
     191
     260
     118
       0
       0
       0
       0
       0
       0
       0
      43
       0
       0
      18
     181
     218
      94
       0
       0
       0
       0
      14
      13
       0
       0
       0
       0
       0
       0
      26
      68
      55
      36
      36
       5
       0
       0
      20
       0
       0
       0
       0
      79
     122
       0
       0
      48
     104
       0
       0
       0
       0
      28
      77
     194
     418
     600
     624
     542
     430
     287
     149
     135
     247
     270
      56
       0
       0
      37
      96
       0
       0
       0
     250
     344
     111
       0
       0
     130
     162
      24
       0
       0
       0
      89
     126
     117
     103
      84
      40
       2
      13
      24
       0
       0
       0
      99
     173
      26
       0
       0
      98
     100
       0
       6
     137
     217
     217
     254
     304
     219
      28
       0
       0
      82
     119
     154
     153
      38
       0
       0
     161
     185
      18
       0
       0
      34
       0
       3
     180
     241
      38
       0
       0
      89
     143
      75
      64
      95
      56
       0
      23
      36
       0
       0
       0
     182
     158
       0
       0
       5
     197
     242
     177
     116
      96
     115
     156
     144
      27
       0
       0
      54
     149
     125
      70
      63
      75
      66
      68
      97
     102
      34
       0
       0
       0
     113
     183
     116
       3
       0
      54
      75
       9
       0
       7
      27
       0
       0
       0
      21
      69
      54
       6
       0
       0
       0
       0
     159
     229
     213
     174
      86
       0
       8
     221
     345
     155
       0
       0
      84
     223
      74
       0
       0
      43
      74
       0
       0
       0
       0
       0
       9
      96
     149
     109
      20
       0
       0
       7
       0
       0
       0
      36
      61
      24
       4
      55
     140
     207
     233
     192
      69
       0
       0
       0
       0
       0
       0
     144
     246
     133
       0
       6
      83
      45
       0
       0
      74
     142
     113
      77
      63
      31
       0
      28
      63
       0
       0
       0
       0
      95
     171
     115
      21
       0
      71
     171
     210
     197
     208
     237
     198
      89
      13
       6
       0
       0
       0
       0
       0
       0
       2
     161
     194
      22
       0
       0
      34
       0
       0
      56
     284
     180
       0
       0
     126
     371
     266
      68
      88
     217
     189
      30
       0
      39
     103
      72
      29
      65
     166
     255
     268
     203
     120
      68
      42
      34
      73
     147
     159
      67
       0
      81
     216
     201
      44
       0
      40
     135
      87
       0
       0
       0
      19
      52
      26
       8
      40
      74
      49
      27
     113
     242
     215
      21
       0
       0
      71
       2
       0
      67
     239
     179
       0
       0
      52
     129
      92
     113
     210
     197
      66
      27
     115
     114
       0
       0
     102
     240
     170
      47
      56
     110
      71
      26
      92
     167
     109
       0
       0
      47
      62
      40
      62
     107
     111
     104
     126
     133
      95
      92
     158
     166
      35
       0
       0
      45
      36
       0
       0
      74
     125
       0
       0
       0
       0
       0
       0
       0
       0
       0
      80
     130
      89
      65
     126
     185
     133
      14
       0
      44
     128
     139
     119
     139
     180
     174
     121
      95
     111
      74
       0
       0
       0
      50
     150
      46
       0
       0
      73
      69
       0
       0
      82
     141
      87
      55
     129
     211
     195
     128
     104
     124
     131
      97
      28
       0
       0
     100
     155
      56
       0
       0
     125
     224
     153
      47
      17
       0
       0
       0
      66
     240
     278
     179
      72
      27
      13
       0
       0
       0
      32
     107
     119
      58
      23
      81
     144
     100
      15
      23
      98
     111
      66
      71
     109
      68
       0
      35
     167
     169
      11
       0
      70
     217
     184
      70
      65
     159
     208
     162
      70
       0
       0
       0
       0
       0
       0
     133
     267
     179
       0
       0
       0
       0
       0
       0
      25
     183
     125
      33
      90
     178
     118
       0
       0
      14
      51
      54
      73
      69
       8
       0
      20
      47
      16
      58
     222
     305
     158
       0
       0
      50
      24
       0
       0
      85
     136
     100
     112
     149
      70
       0
       0
      59
     120
      32
       0
       0
      54
      34
       7
      45
      95
      79
       3
       0
       0
       0
       0
      28
       0
       0
      88
     217
     250
     215
     194
     147
      16
       0
       0
      55
      52
       0
       0
       0
       0
       0
       4
      59
      48
      38
     155
     326
     355
     224
      80
       0
       0
       0
       0
       0
     101
      34
       0
       0
     101
     135
      76
     101
     215
     254
     143
       0
       0
       0
      82
     118
      41
       0
       0
      39
     119
      93
      35
      27
      48
      55
      80
     138
     155
      84
      18
      61
     154
     143
      11
       0
       0
      86
     111
      34
       2
      91
     181
     118
       0
       0
       0
     100
      81
       9
      16
      91
     130
     101
      37
       0
       0
       0
      32
     108
      87
      97
     210
     253
      73
       0
       0
      80
     108
       0
       0
       0
     152
      80
       0
       0
      13
     151
     148
      64
      18
      72
     185
     230
     133
       0
       0
      96
     132
      46
       0
      69
     158
     141
      81
      72
      58
       0
       0
       0
     109
     223
     220
     180
     159
     130
      78
      39
      40
      59
      73
      85
     103
     114
      93
      33
       0
       0
      40
      98
      84
      45
      65
     129
     154
     129
     114
     114
      73
       0
       0
       0
       0
       0
       0
       0
       0
       0
       0
      73
     133
      73
      18
      54
     106
      91
      47
      24
       0
       0
       0
      54
      65
       0
       0
       0
      21
      10
      14
      98
     145
      46
       0
       0
       9
      84
     116
     150
     138
      22
       0
       0
      46
      56
       0
       0
      61
     152
     129
      51
       9
      11
      41
     100
     175
     234
     267
     262
     173
      18
       0
       0
      77
      22
       0
       0
       0
      47
      95
     121
     143
      98
       5
       0
      83
     137
      61
       0
       0
       0
      21
      82
     158
     173
      93
      27
      81
     185
     198
     117
      56
      57
      58
      16
       0
       0
       0
       0
       0
       0
       0
      18
     155
     269
     244
     130
      80
     125
     148
      82
      15
      30
      77
      89
     100
     161
     212
     175
      94
      78
     117
     107
      29
       0
       0
      20
      13
      36
     110
     148
     111
      87
     139
     175
     108
      36
      89
     198
     188
      75
      49
     159
     221
     119
       0
       0
       0
       0
       0
       0
      59
      81
       0
       0
      16
     151
     189
     110
       8
       0
       0
      40
      27
       0
       0
       0
       0
      43
      36
      48
     116
     160
     105
      19
      33
     139
     190
     115
      19
      18
      73
      75
      27
      15
      39
      27
       0
      57
     173
     171
       5
       0
       0
     165
     135
       0
       0
      27
     133
      49
       0
       0
      85
     121
      62
      30
      51
      57
      45
      75
     120
      80
       0
       0
       0
      15
      88
     107
     106
     103
     105
     127
     170
     184
     112
       0
       0
      43
     197
     208
      55
       0
      41
     192
     150
       0
       0
       0
     113
     142
     132
     198
     241
     134
       0
       8
     136
     153
      32
       0
      74
     172
     135
      63
     100
     196
     191
      69
       0
      42
     158
     172
      54
       0
      27
     214
     319
     237
      62
       0
       0
       0
       0
      21
      29
       0
       0
      26
     118
     106
      55
      88
     151
     105
       0
       0
       0
       0
       0
       7
     113
      95
       0
       0
     116
     280
     249
     137
     115
     142
     108
      65
      94
     111
      21
       0
      29
     190
     221
     135
     107
     149
     112
       0
       0
      38
      71
       0
       0
       0
      56
      97
      37
       0
       0
       6
      65
     123
     115
      47
      26
      99
     153
      85
       0
       0
      89
      93
       0
       0
       7
     111
     105
      44
      62
     139
     138
      37
       0
      41
     138
     129
      25
       0
       5
      89
     126
     101
      54
      18
      19
      70
     142
     174
     144
      96
      78
      81
      77
      70
      89
     131
     155
     118
      24
       0
       0
      62
     169
     144
      15
       0
      12
     117
     133
      84
      63
      70
      32
       0
       0
      53
     117
     106
      63
      34
       3
       0
       0
      40
     109
     130
     132
     152
     163
     137
     117
     149
     189
     160
      67
       0
       0
      40
      92
     116
      90
      24
       0
      32
     140
     194
     135
      19
       0
       0
       0
       0
      42
      87
      93
      92
     120
     142
     100
      24
      30
     158
     292
     313
     282
     367
     621
     918
    1135
    1279
    1380
    1365
    1153
     819
     549
     422
     342
     210
      75
      45
     106
     129
      53
       0
       2
     105
     139
      53
       0
       0
     101
     112
       0
       0
       0
       0
      64
     131
     161
     112
       0
       0
       0
       0
      45
      32
      15
      24
      23
       9
      29
      77
      80
      17
       0
       0
       0
       0
      22
      89
     124
      99
      63
      54
      37
       0
       0
       0
       0
       0
       0
       9
      53
      90
     130
     154
     104
       0
       0
       0
      29
      12
       0
       0
      24
      57
       0
       0
       0
       0
       0
       0
       7
     130
     205
     169
      82
      46
      79
     109
      80
      33
      34
      57
       7
       0
       0
       0
     108
     161
     111
     105
     180
     209
     127
      46
      67
     104
      32
       0
       0
      76
     160
      70
       0
       0
      31
      54
       0
       0
      44
     191
     215
     116
      29
      25
      48
      43
      40
      74
     110
      95
      54
      45
      69
      77
      57
      43
      40
       4
       0
       0
       0
       0
      73
     121
     114
      84
      58
      43
      31
      18
      17
      42
      93
     139
     134
      59
       0
       0
       0
      33
      52
      32
      49
     114
     148
      98
      25
      25
     108
     193
     204
     139
      48
       0
       0
       2
       0
       0
      30
      95
      85
      19
      21
     117
     158
      48
       0
       0
      25
      51
       0
       0
      72
     136
     117
     105
     149
     154
      67
       0
      26
      64
       4
       0
       0
      96
     137
      58
       0
      21
      78
      86
      65
      57
      62
      72
      99
     118
      87
      31
      22
      61
      59
       0
       0
      47
     113
      78
       4
       1
      51
      63
      39
      59
     121
     144
     125
     140
     177
     128
       0
       0
       0
      91
     103
      34
       0
       0
       0
       0
      88
     137
      56
       0
      44
     194
     194
      32
       0
      48
     170
     145
      51
      24
      40
      24
      36
     152
     266
     226
      75
       0
      50
     107
      91
      48
      17
       0
       0
       0
      53
      33
       0
       0
      55
     143
     148
     128
     135
     126
      68
      32
      80
     155
     178
     181
     241
     347
     422
     440
     435
     415
     355
     266
     196
     159
     124
      71
      21
       1
      21
      78
     151
     193
     178
     127
      79
      41
       0
       0
       0
       4
      38
      47
      64
     101
     111
      43
       0
       0
      37
     169
     186
      74
       0
       0
       0
       0
      41
     113
     138
      94
      41
      43
      84
     102
      84
      62
      47
      32
      30
      35
       1
       0
       0
       0
      76
     143
      86
       4
       0
      17
      31
      17
       2
       8
      42
      88
     101
      62
      23
      32
      48
       7
       0
       0
      56
      62
       0
       0
      58
     114
      38
       0
       0
      28
      68
      36
      40
     134
     238
     249
     146
       0
       0
       0
      23
     112
     123
      78
      22
       0
       0
       0
      57
      68
       9
       0
       1
      36
      23
      23
      78
      96
       0
       0
       0
      57
      88
       8
       0
      82
     172
     128
      12
       0
       0
      34
      40
       0
       0
       0
       3
     146
     199
     108
       1
      20
     128
     174
     107
      31
      55
     137
     138
       0
       0
       0
       0
       0
       0
       0
       0
       0
       0
       0
       0
       6
      96
      28
       0
       0
      31
      77
      22
       0
      38
      79
      73
      81
     114
      84
       0
       0
      84
     179
     128
      29
      37
     111
     100
      10
       0
      36
      68
      50
      73
     144
     137
      25
       0
      17
      99
      77
      10
      11
      50
      38
       8
      46
     102
      59
       0
       0
       0
      30
      10
       0
       0
      34
     113
     151
     141
      97
      59
      64
      92
      77
       4
       0
       0
      33
      71
      30
       0
       0
      16
      49
       0
       0
       0
      35
      26
       0
       0
      28
     134
      75
       0
       0
      23
      89
      83
      90
     116
      78
       0
       0
      74
      84
       0
       0
       0
      63
      24
       0
       0
      66
     104
      73
      56
      83
     103
      87
      56
      29
       8
       0
       0
       0
       0
       0
       0
       0
       0
      42
      61
       0
       0
       0
      76
     133
      40
       0
      13
      81
      52
       3
      30
      59
       0
       0
       0
      49
      50
       9
      60
     161
     159
      54
       6
      66
     128
     127
     109
      87
      24
       0
       0
      98
     114
      33
       0
      47
      65
       0
       0
      38
     129
     108
      50
      91
     211
     317
     430
     622
     847
     995
    1070
    1160
    1247
    1196
     962
     667
     443
     301
     191
      98
      30
       0
       0
       7
       0
       0
       0
       0
       0
       0
       0
       0
       0
       0
       0
       0
       0
      43
      60
       0
       0
       0
       4
       0
       0
       0
      79
      65
       0
       0
      74
     175
      73
       0
       0
      58
      80
       0
       0
      17
      97
      82
      30
      26
      46
      27
       0
       0
       1
      34
      46
      34
       6
       0
       5
      53
      88
      81
      56
      61
     100
     126
      98
      38
      17
      63
     116
     106
      41
       0
       0
       0
       0
       0
      58
     100
      66
      16
       0
       0
       0
       0
       0
      68
      42
       0
       0
       0
      18
       3
       0
      19
      49
      40
       2
       0
       0
       0
      62
      57
       0
       0
       0
       0
       0
       0
       0
      12
      52
       0
       0
      18
      78
      30
       0
       0
      38
      87
       8
       0
       0
      48
     110
      69
      16
      42
     109
     129
     105
     114
     154
     131
      17
       0
       0
      90
     160
     153
     138
     147
     139
      90
      26
       0
       0
       0
       0
       0
      20
      51
     101
     131
      97
      43
      34
      45
       4
       0
       0
       0
       0
       0
       0
       0
      75
     114
      74
      37
      48
      93
     133
     138
      98
      47
      38
      73
      93
      61
      14
       1
      18
      24
       7
       0
       0
       0
       0
       0
       6
      15
       0
       0
       0
       0
       0
       0
       0
       0
       0
       0
       0
      46
      62
      11
       0
      24
     125
     136
      37
       0
       0
       3
       0
       0
      86
     150
      59
       0
       0
     101
      88
       0
       0
      35
      96
      43
      25
     117
     169
      66
       0
       0
      76
     113
      58
      13
       4
       0
       0
       0
       0
      37
      32
       0
       0
      23
      76
      94
      45
       0
       0
      33
      45
       0
       0
      16
      45
       0
       0
       0
      59
     107
      16
       0
       0
      15
       5
       0
       0
       0
      47
      41
      27
      29
       0
       0
       0
       0
     131
     148
      24
       0
       0
      35
       0
       0
       0
       0
      15
       0
       0
      28
     112
      83
       7
       0
      14
      54
      79
      64
       0
       0
       0
      80
     115
      64
      24
      41
      48
       7
       0
       0
       0
       0
       4
     110
      99
       0
       0
       0
      88
      25
       0
       0
      66
      55
       0
       0
      43
       0
       0
       4
     150
     154
      24
       0
      96
     143
      26
       0
       3
     114
     100
      30
      44
      85
      26
       0
       0
      68
     120
      46
       0
       0
      14
      25
      14
      29
      76
     124
     140
      98
       9
       0
       0
      38
      99
      89
      28
       0
       0
       9
     100
     131
      55
       0
       0
     108
     152
      64
       0
       0
      79
     106
      42
       0
       0
       0
      33
     106
     125
      84
      62
     109
     152
     105
      21
      29
     135
     219
     230
     255
     363
     511
     637
     743
     818
     806
     699
     574
     477
     375
     262
     199
     185
     135
      50
      60
     182
     226
      82
       0
      42
     216
     181
       0
       0
      49
     187
     118
       0
      23
     142
     169
      84
       2
       0
       0
       0
       0
       0
       0
       0
       9
      69
      21
       0
      35
     128
     106
       0
       0
       0
       0
       0
       0
      53
     157
     144
      66
      33
      56
      65
      30
       0
       8
      48
      55
       3
       0
       0
       0
      18
      16
       0
       0
       9
      25
      34
      34
       7
       0
       0
      30
      67
      25
       0
      34
     186
     317
     384
     466
     627
     826
     984
    1060
    1048
     956
     817
     684
     571
     440
     275
     124
      47
      55
     118
     192
     216
     147
      22
       0
       0
      52
      65
      24
      15
      68
     118
     116
      91
      71
      26
       0
       0
       0
      46
       0
       0
       0
       0
     101
      84
       0
       0
       0
       0
       0
       0
       0
       0
       0
       0
      53
     102
      98
      84
      86
      71
      25
       3
      36
      67
      39
       0
       0
       0
       0
       0
       0
       0
       3
       0
       0
       0
       0
       0
      12
       0
       0
       0
      11
       0
       0
       0
      13
      57
      53
      27
       0
       0
       0
       0
      79
      66
       0
       0
      67
     157
     182
     180
     165
      97
       0
       0
       0
      11
      23
      42
      73
      68
      38
      41
      46
       0
       0
       0
     107
     166
      31
       0
       0
      95
      52
       0
       0
       0
       0
       0
       0
      68
      67
       0
       0
      79
     169
     111
      11
       0
       0
       0
       0
       0
       0
       0
       0
      17
       0
       0
       0
     100
     139
      41
       0
       0
      42
      25
       0
       0
      20
      98
      87
       6
       0
       0
      41
      34
       0
       0
      16
     123
     123
      60
      53
      84
      42
       0
       0
     118
     210
     154
      52
      16
      10
       0
      10
     100
     146
      66
       0
       0
      83
      93
      24
       0
      43
      68
      52
      68
     112
      78
       0
       0
       0
     134
     140
      50
      19
      59
      41
       0
       0
       0
     100
     119
      48
      24
      76
     101
      44
       0
       0
       1
       0
       0
       0
       0
       0
       0
       0
       0
       0
       0
       0
       0
       0
      22
      95
     103
      37
       0
       0
      12
       9
       0
       4
      12
       0
       0
       0
      50
      65
       3
       0
       0
      10
       0
      17
     100
     166
     137
      64
      51
      96
      95
       4
       0
       0
      10
      50
       7
       0
       0
      53
      78
      58
      54
      78
      79
      40
      12
      19
      11
       0
       0
       0
       0
       0
       0
       0
       0
       0
       0
       0
      27
      14
       0
       0
      60
      84
      29
       0
       0
       0
       0
       0
      15
       0
       0
       0
      63
      90
      40
       2
       8
       5
       0
       0
       0
       0
       0
       0
      72
      51
       0
       0
      16
      85
      45
       0
       5
      28
       0
       0
       0
       0
       0
       0
       0
       0
       0
       0
       0
      16
       0
       0
       0
      82
     133
      79
      95
     232
     321
     239
      92
      44
      87
     104
      75
      88
     159
     180
      90
       0
       2
     103
     131
      22
       0
       0
      36
      96
      46
       0
       0
      33
      40
       4
       0
       0
       0
       0
       0
       0
       0
       0
       0
      31
      53
      11
       0
       0
      23
      66
      40
      10
      39
      71
      23
       0
       0
      23
      64
      18
       0
      38
      81
      42
       0
      17
      53
      17
       0
       0
      22
       0
       0
       0
      14
      48
       5
       0
       0
       0
      35
      97
     113
      30
       0
       0
      35
     131
     133
      80
      26
       0
      10
      84
     118
      34
       0
       0
      83
      87
       0
       0
      11
      89
       0
       0
       0
       0
      55
      85
      53
       2
       0
      45
     171
     226
     137
      10
       0
      18
      31
       0
       0
       0
       9
      25
      47
      55
      28
       0
       8
      37
      49
      46
      48
      48
      41
      43
      40
       0
       0
       0
      65
     130
      77
       0
       0
      35
      22
       0
       0
       0
       0
       0
      18
     136
     151
      56
       0
       0
       0
      32
      49
      56
      44
       6
       0
       0
       0
       0
       0
       0
       0
       0
      16
      42
      14
       4
      53
      86
      27
       0
       0
       0
       0
       0
       0
       0
       0
       0
      31
      87
      89
      34
       0
      18
      46
      40
      25
      31
      43
      36
      13
       0
      13
      61
     118
     132
      80
       6
       0
       0
      14
      28
      43
      60
      57
      26
       0
       0
       0
       0
       0
       0
       0
       0
      48
      62
       0
       0
       0
       0
       0
       0
       0
       0
       0
       0
       0
       0
       0
      24
     106
      89
       0
       0
      11
      74
      43
       0
       0
      24
      45
       7
       0
       0
       0
      11
      37
      69
      74
      39
       0
       0
       0
       0
      15
      23
       0
       0
       0
       0
       0
       8
       0
       0
       0
       0
      29
      54
       0
       0
       0
       0
       0
       0
      18
      60
      45
       0
       0
       8
      34
      12
       0
       0
      10
      72
     147
     183
     146
      84
      68
      90
      85
      39
       0
       0
       0
       0
       0
      48
      48
       0
       0
       0
       0
      31
      52
      32
       0
       0
       0
       0
      10
      28
      23
       6
       0
       0
      10
      11
       1
      19
      76
     118
      94
      31
       0
       6
      10
       0
       0
       0
       0
       9
       4
       0
       0
       0
       2
      33
      23
       6
      29
      71
      76
      35
       0
       0
       0
       0
      11
      31
      16
       0
       0
       0
      16
      80
      82
      25
       0
       0
       0
       0
       0
       8
      16
       0
       0
       0
       0
      21
       0
       0
       3
      39
       0
       0
      36
     127
      83
       0
       0
      20
      10
       0
       0
      61
      60
       0
       0
       3
       0
       0
       0
      76
     134
      69
      12
      41
      60
       3
       0
      42
     110
      53
       0
       0
       0
      58
      73
      76
      66
      25
       0
       3
      44
      46
      12
       0
       5
      26
      34
      14
       0
       0
       0
       0
       0
       0
       0
       0
      17
       0
       0
       0
      37
      49
       0
       0
       0
       0
       6
      40
      36
       0
       0
      32
      74
      23
       0
       0
       0
       0
       0
       0
      11
      55
      53
      27
       6
       0
       0
       0
       0
       5
       0
       0
       0
       0
      15
       6
       0
       0
       0
      42
      96
      99
      31
       0
       0
       0
       0
       0
       0
       0
       5
      17
       7
      34
      93
     108
      46
       0
       0
       0
       0
       0
       0
      45
      43
       6
       9
      61
      84
      47
      17
      44
      73
      37
       0
       0
       0
       5
      13
      31
      52
      44
      12
       0
       9
       8
       0
       0
       0
       0
       0
       0
       0
       0
       0
       0
       0
       0
      17
      28
       9
       0
       0
       0
       0
       0
       0
       0
       0
       0
       0
       0
       0
      23
      51
      83
      86
      12
       0
       0
       0
      16
      44
       9
       0
      24
      43
      15
       0
       0
       0
       0
       0
      25
      47
       0
       0
       0
      63
     127
      53
       0
       0
       0
      24
       0
       0
       0
      31
      35
       3
       0
      28
      27
       0
       0
       0
      40
      33
       0
       0
       0
      39
      58
      34
      13
      24
      50
      60
      52
      39
      22
       2
       0
       9
      18
       0
       0
       0
       2
       2
       0
       0
       0
       0
       0
       4
      34
      44
      25
      16
      30
      24
       0
       0
       0
       0
       0
       0
      14
      47
      46
      21
      20
      38
      24
       0
       0
       0
      25
      20
      27
      77
     129
     148
     189
     310
     479
     626
     771
     971
    1188
    1297
    1257
    1165
    1096
     993
     779
     514
     333
     267
     224
     135
      39
       3
      20
      36
      21
       0
       0
       0
       3
      10
       0
       0
       0
       6
      49
      67
      57
      33
       2
       0
       0
      27
      65
      58
       3
       0
       0
       0
      54
      65
      17
       0
      13
      60
      33
       0
       0
       0
       0
       0
       0
       0
       8
      22
      11
      11
      20
       7
       0
       0
       0
       0
       0
       0
      23
      30
       0
       0
       0
       0
       0
      17
      15
       0
       0
       0
       0
       0
       8
       1
      18
      48
      55
      33
       6
       0
       0
       0
      12
      33
      39
      22
       0
       0
       0
       0
       0
       0
       4
      15
       3
       0
       3
      36
      45
      21
      10
      31
      38
       0
       0
       0
       0
       0
       0
      20
      72
      50
       0
       0
       0
      17
      42
      21
       0
       0
       0
       0
       0
       0
       0
      23
      50
      11
       0
       0
      25
       5
       0
       0
       0
       3
       0
       0
      16
      32
      11
       0
       0
       0
       0
       0
      32
      56
       3
       0
       0
       0
      14
      60
      54
       0
       0
       0
      71
      99
      28
       0
      11
      71
      86
      71
      38
       0
       0
      40
     141
       0
       0
       0
       0
       0
       0
       0
       0
       0
       0
       0
       0
       0
       0
      65
      30
       5
       5
       0
       0
       0
      25
      32
      18
       5
       0
       0
       7
      13
       0
       0
       0
       0
       0
       0
       0
      42
      43
       0
       0
       0
      19
       0
       0
       0
      23
      23
       0
       0
      17
      37
      15
       0
       0
       0
       0
       0
       0
       0
       0
       0
       0
      16
      49
      67
      47
      22
      34
      54
      26
       0
       0
       0
      10
       0
       0
       0
      25
      16
       0
       0
       0
       0
       0
       0
       0
       0
       0
       0
       0
       0
       8
      37
      44
      11
       0
       0
       2
       9
       0
       0
       0
       0
       1
       0
       0
       0
       0
       0
       0
       0
       0
       0
       0
       0
       2
       0
       0
       0
      31
      38
       0
       0
       6
      25
       0
       0
       0
       0
       0
       0
      10
      28
      22
       0
       0
       0
      11
       7
       8
      23
      19
       0
       0
       0
       0
      18
      37
      39
      17
       0
       0
       1
       3
       0
       0
      18
      42
      22
       0
       0
       0
       0
       0
       0
       0
      11
       0
       0
       0
       0
       0
       0
       0
       0
       0
       0
      12
      25
      17
       9
      13
      23
      22
       6
       0
       0
       0
       0
       1
       0
       0
       0
       0
       0
       0
       0
       9
      24
      34
      32
      22
      23
      37
      39
       7
       0
       0
       6
      31
      17
       0
       0
       0
       0
      11
      44
      52
       9
       0
       0
       0
       0
       0
       0
      15
       9
       0
       0
       3
      46
      50
      19
       0
       0
       0
       0
       0
       0
       0
      11
      13
       0
       0
      18
      36
       7
       0
       0
       0
       0
       5
      29
      39
      24
       2
       5
      30
      42
      37
      40
      51
      40
       2
       0
       0
       0
       0
      11
      41
      39
       0
       0
       0
       0
       0
       0
       0
      12
      26
       0
       0
       0
      15
       0
       0
       0
      32
      23
       0
       0
      44
      65
      10
       0
       0
      40
      28
       0
       0
       0
       7
       0
       0
      35
      61
      23
       0
       0
       0
       3
       0
       0
       4
      15
       5
       0
      11
      41
      63
      69
      55
      22
       0
       0
       0
      12
      14
       7
       3
       4
       4
       0
       0
       0
       6
      27
      11
       0
       0
       0
      18
       0
       0
       0
       0
      23
      15
       0
       6
      19
      13
       3
      12
      25
      23
      12
       4
       0
       0
       0
       0
       0
       5
       0
       0
       0
       0
       0
      23
      15
       0
       0
       0
      33
      21
       0
       0
       1
      37
      29
      11
      20
      39
      37
      16
       2
       1
       4
       2
       0
       2
      19
      36
      27
       0
       0
       0
      15
      14
       0
       0
       0
       0
       0
       0
       0
      10
      29
      33
      32
      15
       0
       0
       0
       0
       0
       0
      15
      34
      38
      20
       0
       0
       0
       0
      29
       5
       0
       0
       0
       8
       0
       0
       0
       0
       0
       0
       0
      20
      18
       0
       0
       0
       9
       0
       0
       0
       0
      47
      39
      10
       1
       3
       0
       0
       0
       0
       0
       0
       0
      17
      32
      17
       0
       0
      13
      46
      60
      48
      22
       6
       5
       7
       0
       0
       0
       9
      57
      68
      35
       0
       0
       0
       0
      12
      28
      28
      19
      22
      36
      32
       2
       0
       0
      14
       5
       0
       0
       0
       0
       0
       0
      13
      37
      39
      21
       0
       0
       0
       0
      28
      19
       0
       0
       0
       0
       0
      15
      54
      57
       7
       0
       0
      41
      40
       0
       0
      11
      28
       4
       0
      21
      48
      13
       0
       0
       0
      27
       6
       0
      13
      41
      28
       0
       0
       0
       0
       0
       0
      23
      29
      26
      50
      79
      51
       0
       0
       0
      30
      15
       0
       0
       7
       0
       0
       0
       5
      33
       9
       0
       4
      25
      10
       0
       0
      28
      21
       0
       0
       0
       0
       8
       0
       0
       0
      26
      25
       0
       0
       0
       0
       0
       0
       0
       0
       2
       2
       0
       0
       0
       0
      17
      30
       0
       0
       0
       6
      45
      28
       0
       0
       0
       0
       0
      14
      48
      43
      14
       0
       0
       0
       0
       9
      29
      28
      27
      41
      42
      13
       0
       2
      16
       0
       0
       0
      34
      31
       0
       0
       6
       9
       0
       0
       0
      17
       0
       0
       0
       0
       0
       0
       0
       7
       0
       0
       0
       3
       3
       0
       0
      17
      16
       0
       0
       0
       0
       4
       7
       5
       0
       0
       0
       0
      27
      29
       7
       0
       0
       7
       0
       0
       0
      15
      17
       0
       0
       0
      30
      33
       0
       0
       0
       0
       0
       0
       0
       7
      15
       0
       0
       0
       0
       0
       0
       0
       0
       0
       3
      10
       0
       0
       0
       0
      19
      26
      27
      32
      26
       6
       0
      10
      25
      12
       0
       0
       0
       0
       0
       0
       8
      19
      22
      15
       5
       0
       0
       0
       0
       0
       9
      24
      24
      12
       0
       0
       0
      11
      17
       2
       0
       0
       5
       5
       0
       0
       0
       0
       0
       0
       0
       0
       0
       0
      14
      13
       0
       0
       0
      14
       0
       0
       0
      13
      11
       0
       0
      22
      44
      21
       0
       0
       0
       0
       0
       0
       0
       4
      11
      17
      17
       6
       0
       0
       0
       0
       0
       0
       0
       0
       0
       0
       0
       0
       0
       0
      21
      39
      38
      15
       0
       0
       2
      20
      13
       0
       0
       0
      15
      18
       0
       0
       0
       0
       0
       0
       0
       0
       0
       0
       0
       0
       0
      10
      28
       7
       0
       0
       0
       0
       0
       0
       0
       0
       0
       0
       0
       0
       2
       0
       0
       0
       0
       0
       0
       0
       0
       0
       0
       0
      32
      51
      37
      27
      36
      29
       0
       0
       0
      24
      20
       0
       0
      20
      27
       0
       0
       0
       0
       0
       0
       0
       0
       0
       0
       0
      26
      28
       4
       0
       8
      22
      21
      11
       7
       9
       9
       0
       0
       0
       8
      34
      29
       0
       0
       0
      12
      16
       0
       0
       8
      13
       0
       0
       0
      25
      51
      16
       0
       0
       0
      20
      17
       0
       0
       0
      25
      22
      11
      21
      27
       0
       0
       0
       0
       0
       0
       0
      23
      22
       0
       0
       0
       0
       0
       0
       3
      29
      11
       0
       0
       0
       0
       0
       0
       0
       7
      11
       6
       0
       0
       0
       0
       3
       0
       0
       0
       0
       0
       0
       1
       2
       0
       0
       0
      18
      26
       1
       0
       3
      25
      14
       0
       0
       0
       2
       0
       0
       0
       0
       0
       0
       0
       0
       0
       0
       0
       0
       0
       9
      12
      12
      10
       0
       0
       0
       0
       2
       2
       5
      11
       3
       0
       0
       0
       0
       5
       7
       0
       0
       0
       0
       6
       2
       0
       0
       5
       0
       0
       5
      36
      22
       0
       0
       8
       5
       0
       0
       0
       0
       0
       0
       0
       0
       0
       0
       0
       0
       0
       0
       0
      13
       5
       0
       0
       0
      15
       0
       0
       0
      39
      31
       0
       0
      13
      16
       0
       0
       0
       0
       0
       6
      19
       4
       0
       7
      39
      36
       2
       0
       0
       0
       0
       0
      13
      37
      35
      19
       7
       1
       0
       0
       1
       0
       0
       0
       0
       9
      10
       0
       0
       0
       0
       4
       0
       0
       0
       2
       8
       0
       0
       0
       5
      32
      25
       7
       7
      22
      25
      15
      13
      24
      26
       6
       0
       0
       0
       0
       0
       0
       9
       9
       0
       0
       9
      14
       1
       0
       5
      15
       3
       0
       8
      28
       7
       0
       0
       0
      35
      30
       0
       0
       2
      38
      29
       0
       0
       0
      22
      34
      13
       0
       0
       0
      13
      12
       2
       0
       0
       0
      17
      32
      23
       0
       0
       0
       0
       1
       9
       4
       0
       4
      11
       2
       0
       0
       1
      15
       6
       0
       0
       0
       0
       0
       0
      16
       9
       0
       0
       0
      17
      13
       0
       0
       0
       9
      14
       7
       0
       0
       0
       5
       8
       4
      18
      32
       3
       0
       0
       0
      26
       5
       0
       0
       0
       0
       0
       3
      15
       0
       0
       0
      25
      22
       0
       0
       0
       0
       0
       0
      15
      33
      12
       0
       0
       0
       0
       0
      20
      41
      22
       0
       0
       0
      13
      22
      19
      18
      21
      23
      18
       4
       0
       0
       0
       0
       0
       3
       0
       0
       0
       2
      17
       6
       0
       2
      22
      15
       0
       0
       0
      10
      17
       2
       0
       0
       0
       0
       0
       0
       7
       0
       0
       0
       0
       0
       0
       4
       0
       0
       0
       0
       0
       0
       0
       0
       0
       0
       0
       0
       0
       0
       0
       0
       0
       0
       0
       0
       0
       0
       0
       0
       0
      16
      23
       0
       0
       0
       1
      19
      13
       0
       0
       0
       0
       0
       0
       0
       4
       4
       0
       0
       0
       7
      21
      34
      32
       2
       0
       0
       6
      32
      19
       0
       0
       3
       0
       0
       0
       4
      18
       0
       0
       3
      13
       0
       0
       7
      20
       0
       0
       0
      20
      24
       0
       0
       0
      11
      11
       6
       6
       8
       7
       2
       0
       0
       0
       0
      33
      40
      13
       0
       7
      20
       1
       0
       0
       0
      12
       0
       0
       0
       0
      26
      20
       0
       0
      24
      45
      37
      24
      24
      24
       9
       0
       0
       0
       0
       0
       0
      13
       8
       0
       0
       0
       0
       0
       4
      24
      25
       1
       0
       0
       0
       0
       0
       0
       0
       0
       0
       0
       0
       0
       0
       0
       0
       0
       0
       5
       0
       0
      10
      48
      23
       0
       0
      31
      54
      12
       0
       6
      53
      46
       0
       0
       0
       0
       2
       4
       0
       0
       0
       0
      24
      37
      18
       0
       0
       0
       4
      13
      17
      11
       1
       0
       0
       0
       0
       0
      29
      41
       0
       0
       0
       2
      22
       0
       0
       0
       0
       0
       0
       0
       0
      14
      23
      13
       0
       0
       4
       7
       6
       9
      13
       4
       0
       0
       0
       0
       7
      37
      43
      25
       4
       0
       0
       0
       0
       0
       0
       0
       0
       0
      20
      39
      26
       0
       0
      12
      40
      36
      15
       7
      13
      13
       4
       3
      10
       8
       0
       0
       0
       8
       0
       0
       0
       0
       0
       0
       0
       7
      15
       0
       0
       0
      15
       5
       0
       0
       0
      12
       3
       0
       0
       0
       0
       1
       0
       0
       0
       1
       3
      14
      30
      37
      27
      10
       0
       0
       0
       0
       2
      11
      13
       6
       0
       0
       0
       0
      30
      39
      33
      32
      29
       4
       0
       0
       0
       1
       0
       0
       0
       0
      12
      15
       0
       0
       0
       0
       0
       0
       4
       4
       0
       0
       0
       7
      33
      32
       8
       0
       0
       0
       0
       0
       0
      19
       6
       0
       0
       0
       0
       2
       2
       3
       0
       0
       0
       7
       8
       0
       0
       0
       0
       0
       0
       0
       0
       0
       0
       0
       0
       0
      19
       9
       0
       0
      10
      29
       8
       0
       0
      13
      21
       0
       0
       0
       0
       9
       6
       0
       0
       0
       5
      15
       1
       0
       0
       0
       0
       0
       0
      12
       0
       0
       0
       0
       0
       2
       7
      10
       3
       0
      14
      30
      25
       6
       0
       0
       0
       0
      10
      45
      46
      12
       0
       0
       0
       0
       0
       0
       0
       0
       0
       0
       0
       0
       3
       0
       0
       0
       0
      26
      33
      18
       3
       2
       9
      11
       3
       0
       0
       0
       5
       0
       0
       0
       0
      17
      25
       0
       0
       0
       0
       8
       0
       0
       0
       0
       0
       0
       0
       0
       6
      29
      26
       9
       0
       0
       0
       1
       5
       0
       0
       3
      24
      23
       0
       0
      13
      30
      14
       0
      20
      39
      11
       0
       0
       0
      19
       0
       0
       0
       0
       0
       0
       0
      11
       3
       0
       0
       0
       0
       0
       0
       0
      14
      16
       0
       0
       0
       6
      28
       1
       0
       0
      15
      43
      26
       7
       7
       0
       0
       0
       4
      21
       0
       0
       0
      47
      38
       0
       0
       0
       4
       6
       5
      15
      21
      17
      16
      13
       0
       0
       0
      32
      39
      12
       0
       0
       4
      10
      12
       5
       0
       0
       0
       0
       7
       0
       0
      13
       5
       0
       0
       0
      42
      28
       0
       0
       2
      34
      34
      24
      23
      23
      13
       0
       0
       0
       0
       0
      11
       8
       0
       6
      23
      23
       1
       0
       0
       0
       0
       0
       0
       0
       0
       0
       0
       0
       0
       0
       0
       1
      19
      13
       0
       0
       0
       0
       2
      12
      12
      12
      18
      20
       8
       0
      11
      34
      33
      10
       0
       8
      19
      12
       5
      12
      13
       0
       0
       0
      21
      14
       0
       0
       2
      30
      28
       1
       0
       0
      18
      34
      19
       0
       0
       1
      20
      13
       0
       0
       0
       5
      12
      12
       8
       5
       9
      19
      17
       0
       0
       0
      11
      13
       5
       2
       4
       0
       0
       0
      14
      16
       4
       0
       0
       0
       0
       0
       0
       0
       0
       0
       0
       0
       0
       5
       6
       0
       0
       0
       0
      11
       8
       3
       2
       1
       0
       0
       3
       7
      17
      26
      21
       0
       0
       0
       0
       0
       0
       0
       0
       0
       0
       0
       2
       7
       6
      12
      21
      13
       0
       0
       0
       0
       0
       0
       0
       0
       8
       0
       0
       0
       0
       0
       2
       0
       0
       0
       6
       7
       3
       6
       0
       0
       0
       0
      32
      28
       0
       0
       0
       0
       1
      26
      34
       7
       0
       0
       5
       6
       0
       4
      16
       0
       0
       0
       0
       0
       0
       0
       3
      23
       7
       1
      19
      23
       0
       0
       0
      12
       9
       5
      12
       9
       0
       0
       0
       0
       0
       0
       0
       0
       0
       0
       0
       0
       0
       0
       4
       0
       0
       0
       0
      22
      16
       0
       0
       0
       0
       7
      23
      19
       0
       0
      19
      39
      15
       0
       0
       0
       0
       0
       0
       0
       0
       0
       0
       0
       0
       0
       0
       0
       0
       0
      14
      15
       0
       0
       6
      15
       0
       0
       0
      16
      23
      10
      11
      21
      13
       0
       0
       8
       2
       0
      16
      53
      47
       0
       0
       0
      12
       6
       0
       0
       9
       1
       0
       0
      11
       5
       0
       0
      12
       9
       0
       0
       7
      25
      14
       0
       0
      13
      32
      17
       0
       0
       2
       0
       0
       0
       0
       0
      13
       0
       0
       0
       0
       0
      46
      57
      12
       0
       0
      20
      46
      31
       1
       0
       0
       0
       0
       0
       0
      15
      20
      14
       0
       0
       3
      23
      23
       1
       0
       0
      10
      21
      23
      22
      17
       8
       0
       0
       5
       5
       0
       0
       0
      10
      21
      10
       3
      20
      32
       3
       0
       0
       3
      31
       5
       0
       0
       0
       0
       0
       0
      25
      22
       0
       0
       0
       0
       0
       0
      12
      13
       0
       0
       1
       0
       0
       0
       7
      31
       5
       0
       0
       0
       0
       0
       0
       0
       0
       9
      22
      23
       8
       0
       0
       0
       0
       0
       4
       0
       0
       0
       0
       0
       0
       0
       3
      25
       6
       0
       0
       0
      22
      33
      21
       3
       0
       9
      21
      13
       0
       0
       0
       0
      10
      15
      13
       0
       0
       0
       4
      14
       0
       0
       0
      33
      49
      27
       0
       0
       0
       0
       0
      15
      19
       2
       0
       0
       0
       0
      13
      20
       3
       0
       0
      12
      31
      18
       0
       0
       0
       1
       0
       0
       0
       0
       0
       0
       3
       2
       0
       0
       0
       0
      14
      26
      32
      15
       0
       0
       0
       0
      19
       5
       0
      24
      48
      36
       7
       0
       9
      11
       3
       8
      21
      21
       9
      14
      35
      42
      26
      17
      26
      25
       0
       0
       0
      25
      26
       0
       0
       1
      13
       4
       0
       9
      28
      28
      11
       0
       0
       0
       0
       0
       3
      15
      31
      29
       4
       0
       0
      11
       7
       0
       0
       1
      37
      16
       0
       0
       0
      24
      14
       0
       0
       0
       0
       0
       0
       9
       9
       0
       2
      12
      17
      19
      24
      16
       0
       0
       0
       0
       6
       0
       0
       1
       0
       0
       0
       6
       8
       0
       0
       3
      17
       0
       0
       0
       5
       0
       0
       0
       6
       3
       0
       0
       0
       7
      12
       5
       0
       0
       0
       1
      13
      17
      13
       8
       2
       0
       0
       0
       0
       2
       9
       1
       0
       0
       0
       0
       0
       0
       0
       6
      41
      30
       0
       0
      20
      25
       0
       0
       0
      28
      33
      17
       2
       0
       0
       0
       0
       0
       0
       0
       0
       2
      22
      56
      84
      69
      18
       0
      29
      70
      57
      13
       0
      12
       5
       0
       0
       0
      27
      31
      17
       9
       4
       0
       3
      21
      25
       7
       0
      14
      24
       8
       0
       4
      13
       0
       0
       0
       1
      20
       0
       0
       0
      13
      30
      19
       4
       0
       0
       0
       0
       0
       6
       9
       2
       0
       0
       0
       0
       0
       0
       0
       0
       0
       0
       0
       0
       0
       0
       0
      16
      27
       0
       0
       0
       3
       7
       0
       0
       1
      16
      19
      20
      17
       2
       0
       0
       0
       0
       0
       5
      13
       0
       0
       0
       0
      13
      14
      18
      19
       0
       0
       0
       7
      36
      19
       0
       0
       0
       8
       4
       0
       0
       0
       0
       0
       0
       0
       4
       4
       0
       0
       1
       7
       3
       0
       7
      15
       8
       0
       2
      17
      16
       0
       0
       0
       0
       0
       0
       3
       5
       0
       0
       2
      28
      15
       0
       0
       0
       2
      12
       5
       4
      12
      19
      18
      15
      16
      11
       0
       0
       0
      12
      19
       0
       0
       0
       0
       0
       0
       0
       0
      14
       0
       0
       0
       6
      29
      18
       0
       0
       0
       0
       0
       0
       0
       5
       7
       0
       0
       0
       0
       0
       0
       0
       0
       0
       0
       0
      13
       1
       0
      14
      23
       0
       0
       0
      15
       0
       0
       0
       9
      38
      14
       0
       7
      26
      21
      11
       9
       0
       0
       0
       0
      13
       4
       2
      24
      33
      13
       0
       0
       0
       0
       0
       0
       0
       0
       0
      22
      42
      40
      34
      32
      15
       0
       0
       2
      19
       0
       0
       0
       0
       0
       0
       0
      24
      30
       6
       0
       0
       0
       0
       0
       6
      11
      14
      26
      31
      16
       0
       0
       0
       9
      15
      22
      22
      12
       6
      10
      10
       0
       0
       0
       0
       0
       0
       0
       0
       0
       0
       0
       0
       0
       7
       1
       0
       0
       0
      42
      37
       0
       0
       0
       0
       0
       0
       0
       0
       6
       0
       0
       0
       0
       0
       0
       0
       0
       0
      11
      22
       0
       0
       0
       0
       7
       0
       0
      12
      29
      11
       0
       0
       0
      13
      27
      29
      12
       0
       0
       0
       4
       0
       0
       6
      24
      30
      13
       0
       0
       1
      32
      22
       0
       0
       9
      37
      15
       0
       0
       9
       0
       0
       0
       0
       0
       0
       0
       0
       0
       0
       0
      20
      22
       0
       0
       0
       0
       0
       6
       5
       0
       4
      24
      31
       6
       0
       0
      29
      21
       0
       0
       8
      27
       6
       0
       0
       6
       0
       0
       9
      28
       3
       0
       0
       0
       0
       0
       0
       0
       0
      31
      23
       0
       0
       0
       0
       0
       0
       0
       6
       2
       0
       0
       0
       3
       3
       2
       2
       0
       0
       0
       0
       2
       4
       0
       0
       1
      11
      14
       9
       0
       0
       0
       0
       0
      15
      27
      19
       0
       0
      11
      26
      14
       0
       0
      18
      37
      37
      23
       0
       0
       0
       0
       7
       0
       0
       0
      17
      27
       0
       0
       0
       0
       0
       0
       0
       0
       0
       0
      20
       6
       0
       0
       0
      24
       3
       0
       0
      17
      12
       0
       0
       0
      11
       9
       0
       0
       0
       0
       0
       0
       0
      18
      41
      11
       0
       0
       0
       3
       9
      20
      42
      48
      17
       0
       0
       1
      19
       1
       0
       0
      22
      30
       8
       0
       9
      21
       8
       0
      11
      34
      31
      13
       9
      13
       0
       0
       0
      13
       6
       0
       0
      19
      34
       0
       0
       0
      10
       9
       0
       0
       0
       0
       0
       0
      32
      49
      29
       0
       0
       0
       0
      15
       8
       0
       4
      30
      35
       4
       0
       0
       0
       1
       1
       0
       0
       0
      17
      31
      20
       6
      15
      26
       1
       0
       0
       0
       0
       0
       0
      17
      36
       3
       0
       0
      15
       0
       0
       0
      17
       5
       0
       0
       0
       0
       6
      30
      33
       0
       0
       0
      31
      15
       0
       3
      28
       5
       0
       0
      39
      50
      15
       4
      28
      31
       2
       0
       6
       0
       0
       0
       6
      14
       0
       0
      20
      21
       0
       0
       0
      33
      19
       0
       0
      16
       9
       0
       0
      11
      10
       0
       0
       8
       7
       0
       0
       6
       3
       0
       0
       0
       0
       0
       4
       0
       0
       0
      10
      17
       0
       0
       0
       0
       0
       0
       8
      31
       0
       0
       0
      27
       3
       0
$ROI:
0
$PRESETS:
None
0
0
$ENER_FIT:
0.000000 0.293177
$MCA_CAL:
3
0.000000e+00 2.931770e-01 0.000000e+00 keV
$SHAPE_CAL:
3
6.418442E+000 0.000000E+000 0.000000E+000