$SPEC_ID:
No sample description was entered.
$SPEC_REM:
DET# 1
DETDESC# 1#GB
AP# GammaVision Version 6.01
$DATE_MEA:
01/14/2021 15:39:31
$MEAS_TIM:
62139 62603
$DATA:
0 8191
       0
       0
       0
       0
       0
       0
       0
       0
       0
       0
       0
       0
       0
       0
       0
       0
       0
       0
       0
       0
       0
       0
       0
       0
       0
       0
       0
       0
       0
       0
   18457
   18284
   18426
   17937
   17492
   17335
   17149
   17274
   16777
   16755
   16447
   16461
   16301
   16170
   15904
   15756
   15846
   15488
   15499
   15499
   15348
   14946
   15160
   14966
   14754
   14937
   14692
   14449
   14284
   14452
   14302
   14136
   14015
   14185
   13770
   14266
   13846
   13893
   13636
   13763
   13490
   13477
   13403
   13366
   13388
   13401
   13385
   12974
   13218
   13009
   13034
   13023
   13128
   12722
   12686
   12509
   12788
   12394
   12626
   12437
   12591
   12385
   12347
   12251
   12130
   12151
   12013
   12110
   11965
   11944
   11965
   12138
   12043
   12015
   11970
   11955
   11654
   11712
   11871
   11505
   11586
   11349
   11470
   11337
   11435
   11336
   11145
   11229
   11155
   11382
   11058
   11320
   11018
   11036
   11116
   10951
   11054
   11114
   11029
   10944
   11028
   10834
   10855
   10680
   10772
   10740
   10662
   10735
   10681
   10526
   10751
   10558
   10593
   10649
   10548
   10471
   10431
   10580
   10504
   10368
   10393
   10403
   10482
   10613
   10500
   10406
   10505
   10586
   10468
   10606
   10568
   10501
   10624
   10610
   10601
   10495
   10729
   10868
   10714
   10638
   10727
   10905
   10898
   10816
   10867
   10892
   10996
   11251
   10956
   11110
   11255
   11329
   11093
   11309
   11404
   11536
   11556
   11819
   11619
   11777
   12013
   11811
   12050
   12137
   12134
   12331
   12356
   12663
   12688
   12578
   12713
   12846
   13051
   13109
   13176
   12950
   13281
   13724
   13533
   13777
   14159
   14307
   14199
   14391
   14739
   14831
   15039
   14669
   15046
   14834
   15077
   14753
   15206
   15056
   15228
   15360
   15389
   15794
   15569
   15820
   15945
   16175
   16112
   16331
   16354
   16451
   16822
   16202
   16945
   17050
   17041
   17069
   17242
   17462
   17494
   17777
   17927
   18275
   18285
   18286
   18383
   18862
   19254
   19595
   20150
   19922
   20145
   19804
   20050
   20166
   20798
   20712
   21358
   21384
   21166
   20484
   19968
   19566
   19431
   19397
   19166
   19289
   19217
   19388
   19321
   19129
   19375
   19539
   19632
   19898
   19506
   19688
   20095
   19883
   20058
   20341
   20484
   20452
   20245
   20434
   20255
   20794
   20723
   20628
   20760
   21043
   21248
   21377
   21099
   21332
   20915
   20997
   21054
   21190
   20900
   21291
   21403
   21223
   21308
   20844
   20943
   21053
   21261
   21446
   21523
   21975
   21944
   21672
   21699
   21896
   21404
   21041
   20675
   20949
   20492
   20723
   20505
   20753
   20632
   20738
   20622
   20683
   20673
   20573
   20508
   20512
   20581
   20727
   20479
   20560
   20611
   20529
   20732
   20628
   20371
   20738
   20508
   20286
   20482
   20296
   20474
   20387
   20465
   20371
   20359
   20304
   20620
   20400
   20521
   20530
   20345
   20356
   20313
   20402
   19992
   20153
   20270
   20117
   20095
   20016
   19804
   19951
   20120
   19998
   20047
   19827
   19995
   20130
   20027
   19689
   20052
   19933
   19769
   19797
   19703
   19653
   19785
   19394
   19550
   19450
   19349
   19409
   19557
   19809
   19237
   19342
   19480
   19329
   19122
   19115
   19078
   19193
   19125
   19017
   19126
   18821
   18718
   19063
   18782
   18766
   18985
   18813
   18990
   18795
   18681
   18800
   18783
   18571
   18532
   18661
   18663
   18483
   18600
   18359
   18459
   18165
   18407
   18329
   18138
   18452
   18326
   18207
   18161
   18124
   18140
   18194
   18395
   18285
   18358
   18244
   18104
   18054
   18079
   17829
   17648
   17773
   17606
   17322
   17358
   17497
   17328
   17346
   17242
   17449
   16926
   17149
   17075
   17036
   17026
   16860
   16793
   16801
   16963
   16469
   16704
   16887
   16526
   16795
   16430
   16435
   16751
   16096
   16578
   16201
   16447
   16347
   15973
   16198
   16170
   15981
   16146
   15971
   15871
   15958
   15867
   15774
   15771
   15968
   15909
   16037
   15882
   15756
   15656
   15529
   15407
   15430
   15202
   15400
   15256
   15157
   15117
   15086
   14831
   15111
   15003
   14854
   14759
   14896
   14942
   14665
   14990
   14635
   14800
   14452
   14562
   14471
   14431
   14565
   14322
   14274
   14262
   14416
   14341
   14081
   14462
   14440
   14226
   14337
   14267
   13987
   13932
   13952
   13901
   13587
   13451
   13506
   13511
   13520
   13492
   13505
   13371
   13472
   13465
   13303
   13078
   13274
   13228
   13068
   13042
   12967
   13212
   12825
   12864
   12792
   12818
   12970
   12893
   12837
   12924
   12686
   12666
   12670
   12355
   12689
   12576
   12628
   12115
   12271
   12327
   12279
   12181
   12417
   12302
   12330
   12058
   12224
   12027
   12153
   12096
   11896
   11833
   11800
   11690
   12108
   11578
   11548
   11710
   11800
   11755
   11640
   11690
   11591
   11555
   11588
   11400
   11325
   11535
   11355
   11513
   11379
   11393
   11107
   11102
   11033
   11138
   11160
   11179
   11058
   11075
   11110
   11098
   11056
   10926
   10863
   10845
   10900
   10737
   10821
   10947
   10828
   10853
   10602
   10626
   10816
   10501
   10627
   10460
   10575
   10709
   11001
   11181
   11324
   11565
   11822
   11702
   11775
   11446
   11006
   10693
   10341
   10339
   10064
   10035
    9992
   10149
   10090
   10182
    9895
    9888
    9800
    9935
    9825
    9685
    9828
    9865
    9804
    9606
    9759
    9767
    9600
    9612
    9487
    9525
    9505
    9598
    9450
    9384
    9337
    9253
    9415
    9222
    9420
    9249
    9310
    9174
    9345
    9186
    9443
    9373
    9207
    9100
    9190
    9077
    8991
    9117
    8905
    9000
    8896
    9173
    8936
    8913
    8985
    8896
    8878
    8845
    8895
    8772
    8865
    8882
    8793
    8815
    8758
    8777
    8516
    8518
    8436
    8519
    8534
    8579
    8613
    8651
    8965
    8995
    8963
    8818
    8834
    8733
    8520
    8427
    8404
    8204
    8209
    8118
    8094
    8197
    8201
    8010
    8036
    8112
    8028
    8042
    7877
    8013
    7998
    7843
    7808
    7842
    8005
    7941
    7798
    7822
    7754
    8003
    7691
    7801
    7721
    7644
    7774
    7794
    7747
    7782
    7536
    7767
    7602
    7555
    7608
    7472
    7503
    7647
    7634
    7607
    7440
    7409
    7540
    7443
    7535
    7437
    7631
    7486
    7468
    7262
    7314
    7253
    7199
    7291
    7275
    7311
    7159
    7240
    7267
    6949
    6936
    7132
    7019
    7189
    7124
    7057
    7066
    7053
    6999
    7040
    6861
    6962
    6894
    6944
    6916
    6889
    7056
    6966
    6907
    6690
    6860
    6893
    6786
    6990
    6917
    7046
    7196
    7872
    8670
   10211
   11754
   13189
   14077
   14490
   13685
   12258
   10697
    9256
    8285
    7814
    7849
    7582
    7915
    7831
    7729
    7444
    7379
    6961
    6596
    6252
    6041
    5855
    5860
    5865
    5763
    5838
    5816
    5845
    5814
    5732
    5707
    5856
    5753
    5757
    5603
    5674
    5716
    5657
    5592
    5775
    5664
    5652
    5522
    5656
    5492
    5434
    5594
    5402
    5408
    5505
    5557
    5505
    5626
    5527
    5558
    5394
    5262
    5358
    5316
    5539
    5523
    5385
    5368
    5436
    5279
    5270
    5303
    5289
    5199
    5348
    5319
    5230
    5309
    5213
    5206
    5074
    5185
    5123
    5108
    5180
    5165
    5179
    5163
    5056
    4910
    5050
    4898
    4932
    5075
    4884
    4934
    4963
    4967
    4728
    4773
    4798
    4857
    4954
    4881
    4898
    4715
    4757
    4846
    4809
    4810
    4874
    5034
    5203
    5322
    5188
    5438
    5325
    5445
    5163
    4996
    4953
    4850
    4758
    4694
    4611
    4630
    4751
    4678
    4619
    4709
    4584
    4686
    4596
    4732
    4695
    4533
    4629
    4699
    4743
    4718
    4847
    4738
    4737
    4639
    4670
    4526
    4490
    4539
    4403
    4393
    4361
    4386
    4285
    4218
    4375
    4193
    4168
    4396
    4257
    4174
    4299
    4160
    4301
    4157
    4203
    4167
    4217
    4196
    4183
    4190
    4123
    4076
    4200
    4259
    4280
    4199
    4150
    4251
    4084
    4187
    3996
    4157
    4143
    4148
    4060
    4091
    4006
    3883
    4017
    4040
    3972
    4039
    4064
    4041
    4157
    4451
    4888
    5386
    5983
    6735
    7022
    7199
    6800
    6271
    5462
    5038
    4491
    4031
    3818
    3735
    3768
    3882
    3854
    3906
    3921
    4164
    4203
    4202
    4293
    4256
    4121
    3927
    3779
    3731
    3714
    3649
    3615
    3722
    3605
    3553
    3576
    3595
    3653
    3637
    3602
    3599
    3566
    3540
    3557
    3584
    3737
    3649
    3618
    3501
    3540
    3530
    3470
    3575
    3384
    3461
    3421
    3467
    3580
    3366
    3488
    3390
    3384
    3503
    3409
    3428
    3422
    3484
    3437
    3395
    3442
    3320
    3423
    3341
    3360
    3315
    3272
    3439
    3273
    3319
    3382
    3304
    3359
    3247
    3278
    3275
    3298
    3408
    3313
    3315
    3298
    3182
    3235
    3130
    3340
    3295
    3303
    3300
    3245
    3325
    3226
    3482
    3326
    3302
    3271
    3147
    3133
    3156
    3220
    3270
    3164
    3265
    3186
    3151
    3235
    3325
    3378
    3519
    3629
    3465
    3631
    3331
    3414
    3227
    3206
    3146
    3062
    3187
    3035
    3113
    3101
    3025
    3029
    3128
    3119
    2974
    3007
    2985
    3052
    3130
    3112
    3173
    3070
    3049
    3010
    2922
    2964
    3146
    3168
    3517
    3816
    3943
    4374
    4592
    4430
    4463
    4084
    3776
    3523
    3310
    3131
    3087
    2972
    3016
    2907
    2859
    2825
    2891
    2832
    2866
    2806
    2830
    2787
    2773
    2799
    2760
    2829
    2830
    2783
    2824
    2821
    2823
    2738
    2784
    2693
    2831
    2686
    2682
    2746
    2634
    2784
    2867
    2965
    3141
    3426
    3987
    4955
    5936
    7010
    7955
    8282
    8153
    7255
    6354
    5157
    4076
    3414
    3005
    2753
    2725
    2559
    2562
    2498
    2512
    2485
    2573
    2493
    2545
    2552
    2529
    2533
    2513
    2481
    2444
    2463
    2444
    2506
    2527
    2468
    2567
    2468
    2357
    2449
    2387
    2404
    2470
    2431
    2480
    2471
    2462
    2415
    2446
    2389
    2447
    2360
    2384
    2366
    2486
    2383
    2441
    2427
    2411
    2414
    2354
    2348
    2414
    2304
    2355
    2385
    2426
    2385
    2370
    2379
    2421
    2423
    2336
    2339
    2251
    2336
    2345
    2466
    2297
    2399
    2335
    2299
    2323
    2323
    2321
    2298
    2264
    2267
    2291
    2316
    2346
    2314
    2311
    2337
    2282
    2343
    2320
    2335
    2303
    2323
    2255
    2298
    2270
    2218
    2229
    2236
    2209
    2278
    2249
    2280
    2154
    2274
    2276
    2241
    2252
    2218
    2190
    2193
    2247
    2329
    2320
    2267
    2322
    2189
    2240
    2324
    2225
    2281
    2197
    2320
    2313
    2325
    2283
    2255
    2202
    2239
    2115
    2304
    2141
    2204
    2138
    2201
    2202
    2161
    2142
    2221
    2166
    2138
    2090
    2062
    2199
    2125
    2062
    2156
    2230
    2212
    2201
    2124
    2030
    2101
    2136
    2143
    2052
    2138
    2112
    2158
    2162
    2126
    2147
    2143
    2126
    2110
    2132
    2094
    2150
    2056
    2168
    2176
    2046
    2072
    2126
    2010
    2070
    2045
    2105
    2049
    2084
    2086
    2058
    2232
    2049
    2110
    2010
    2105
    2022
    2072
    2038
    2075
    2126
    2144
    2195
    2285
    2230
    2274
    2272
    2229
    2149
    2158
    2083
    2018
    2037
    2026
    2019
    1998
    2012
    1874
    1920
    1953
    1951
    1920
    1961
    1882
    1924
    1929
    1921
    1922
    1991
    1861
    1981
    1940
    1971
    1967
    1950
    1909
    2001
    1956
    1949
    1948
    1925
    1899
    1960
    1880
    1901
    1873
    1837
    1850
    1916
    1882
    1942
    1886
    1902
    1874
    1901
    1865
    1834
    1838
    1859
    1851
    1868
    1893
    1830
    1870
    1880
    1872
    1805
    1849
    1859
    1904
    1895
    1885
    1825
    1909
    1847
    1775
    1851
    1812
    1851
    1786
    1785
    1757
    1801
    1830
    1858
    1767
    1816
    1777
    1719
    1806
    1753
    1797
    1803
    1761
    1753
    1705
    1747
    1731
    1765
    1749
    1853
    1828
    1807
    1818
    2003
    1929
    1888
    1936
    1782
    1908
    1793
    1793
    1735
    1771
    1789
    1784
    1694
    1761
    1745
    1764
    1693
    1686
    1732
    1675
    1745
    1735
    1763
    1736
    1656
    1709
    1677
    1732
    1722
    1668
    1686
    1718
    1779
    1691
    1639
    1583
    1677
    1692
    1713
    1640
    1669
    1615
    1724
    1680
    1665
    1641
    1693
    1640
    1666
    1712
    1686
    1644
    1714
    1696
    1673
    1664
    1754
    1623
    1659
    1645
    1657
    1676
    1618
    1597
    1706
    1604
    1575
    1597
    1557
    1521
    1624
    1549
    1556
    1680
    1559
    1619
    1618
    1691
    1625
    1764
    1854
    1965
    1984
    2093
    2106
    2145
    1950
    1895
    1828
    1705
    1553
    1603
    1495
    1641
    1548
    1534
    1558
    1556
    1495
    1522
    1501
    1536
    1510
    1502
    1648
    1603
    1550
    1558
    1475
    1579
    1584
    1547
    1501
    1476
    1500
    1511
    1499
    1512
    1471
    1496
    1518
    1510
    1563
    1580
    1444
    1529
    1516
    1468
    1580
    1490
    1492
    1487
    1502
    1500
    1518
    1541
    1488
    1503
    1511
    1531
    1481
    1577
    1484
    1531
    1542
    1547
    1515
    1501
    1501
    1530
    1475
    1472
    1438
    1416
    1441
    1512
    1506
    1502
    1468
    1417
    1443
    1425
    1416
    1556
    1474
    1498
    1495
    1433
    1433
    1536
    1544
    1500
    1394
    1470
    1511
    1448
    1497
    1463
    1442
    1461
    1444
    1453
    1431
    1406
    1454
    1352
    1391
    1422
    1441
    1460
    1402
    1432
    1445
    1378
    1440
    1403
    1429
    1416
    1414
    1432
    1395
    1338
    1357
    1465
    1343
    1448
    1440
    1421
    1437
    1419
    1379
    1349
    1374
    1363
    1439
    1402
    1389
    1395
    1394
    1370
    1352
    1408
    1387
    1382
    1400
    1431
    1384
    1372
    1411
    1398
    1448
    1405
    1356
    1319
    1346
    1412
    1455
    1417
    1503
    1561
    1641
    1758
    1987
    2233
    2391
    2694
    2843
    2853
    2838
    2691
    2466
    2138
    2000
    1820
    1609
    1567
    1452
    1443
    1401
    1374
    1353
    1414
    1266
    1355
    1236
    1386
    1368
    1314
    1268
    1245
    1326
    1267
    1258
    1268
    1325
    1316
    1310
    1315
    1268
    1284
    1257
    1320
    1244
    1230
    1249
    1294
    1292
    1288
    1304
    1316
    1263
    1291
    1273
    1301
    1254
    1246
    1225
    1281
    1290
    1251
    1262
    1229
    1302
    1281
    1314
    1260
    1287
    1256
    1271
    1253
    1263
    1266
    1251
    1245
    1209
    1225
    1283
    1262
    1293
    1232
    1294
    1251
    1242
    1266
    1198
    1289
    1312
    1262
    1257
    1282
    1244
    1210
    1183
    1238
    1255
    1219
    1212
    1277
    1268
    1194
    1166
    1244
    1208
    1237
    1200
    1208
    1209
    1175
    1154
    1219
    1242
    1231
    1221
    1208
    1208
    1215
    1276
    1203
    1227
    1259
    1187
    1236
    1185
    1259
    1164
    1212
    1288
    1235
    1214
    1214
    1252
    1244
    1204
    1223
    1229
    1234
    1251
    1278
    1210
    1220
    1223
    1292
    1203
    1193
    1155
    1238
    1186
    1132
    1160
    1157
    1193
    1188
    1214
    1205
    1142
    1119
    1217
    1145
    1105
    1177
    1183
    1173
    1152
    1196
    1282
    1228
    1169
    1169
    1186
    1179
    1173
    1168
    1184
    1174
    1156
    1193
    1133
    1195
    1155
    1222
    1170
    1216
    1256
    1229
    1260
    1301
    1179
    1263
    1239
    1212
    1139
    1143
    1171
    1206
    1150
    1144
    1130
    1098
    1166
    1183
    1140
    1173
    1170
    1119
    1109
    1109
    1087
    1187
    1138
    1177
    1163
    1165
    1207
    1161
    1150
    1129
    1202
    1143
    1135
    1148
    1128
    1136
    1110
    1132
    1128
    1081
    1135
    1141
    1115
    1165
    1153
    1098
    1141
    1157
    1118
    1167
    1059
    1111
    1088
    1149
    1115
    1117
    1141
    1212
    1181
    1258
    1320
    1512
    1823
    2089
    2671
    3403
    3845
    4429
    4544
    4359
    3869
    3257
    2602
    2040
    1595
    1331
    1267
    1087
    1078
    1109
    1053
    1090
    1116
    1024
    1062
    1074
    1064
    1031
    1091
    1086
    1014
    1057
    1072
    1031
    1010
    1050
    1069
    1077
    1051
    1062
    1016
    1132
    1013
    1018
    1058
    1016
     967
    1050
    1090
    1055
    1039
    1033
    1053
    1075
    1078
    1023
    1065
    1037
    1047
    1007
    1003
    1093
    1027
    1097
    1068
    1031
    1020
    1056
    1047
    1002
    1013
     955
     963
    1033
     971
    1025
    1064
    1042
    1013
    1047
    1002
    1057
    1117
     997
    1048
    1090
    1025
    1041
    1128
    1315
    1449
    1849
    2540
    3449
    4305
    5283
    6011
    6237
    5822
    5068
    4415
    3300
    2475
    1892
    1457
    1177
    1023
     966
     946
     902
     967
     985
     941
     930
     943
     945
     990
     981
     965
     966
     974
     961
     958
     999
     983
     923
     977
     942
     946
     961
     968
     895
     951
     958
     948
    1019
     895
     917
     994
     912
     977
     885
     952
     972
     945
     970
     921
     906
     919
     988
     933
     908
     935
     919
     939
     973
     967
     902
     927
     908
     918
     897
     837
     941
     974
     984
     902
     925
     970
     946
     929
     932
     889
     940
     954
     946
     870
     931
     900
     921
     923
     921
     830
     920
     932
     906
     884
     904
     932
     885
     920
     897
     923
     881
     963
     913
     918
     969
     952
     887
     843
     912
     891
     839
     905
     873
     937
     885
     920
     889
     900
     858
     921
     884
     893
     929
     920
     885
     903
     888
     850
     903
     881
     884
     865
     852
     894
     915
     887
     908
     964
     911
     939
     952
     901
     919
     953
     932
     907
     893
     895
     906
     880
     866
     883
     914
     887
     900
     894
     903
     866
     890
     890
     887
     944
     855
     875
     904
     889
     839
     898
     939
     927
     881
     864
     860
     872
     867
     923
     931
     914
     843
     945
     923
     937
     882
     915
     925
     855
     911
     920
     890
     883
     926
     891
     915
     971
     943
    1016
    1090
    1003
    1012
     959
     981
     920
     934
     868
     858
     856
     840
     870
     860
     851
     857
     827
     813
     889
     899
     821
     901
     868
     780
     902
     826
     866
     856
     787
     858
     817
     909
     840
     838
     898
     852
     871
     916
     836
     869
     870
     878
     842
     873
     814
     806
     849
     835
     845
     804
     862
     872
     857
     838
     793
     809
     822
     782
     797
     872
     840
     831
     834
     869
     830
     890
     823
     855
     873
     786
     831
     859
     776
     840
     825
     833
     871
     844
     850
     845
     864
     863
     827
     811
     830
     842
     875
     832
     842
     884
     866
     783
     862
     842
     853
     852
     783
     825
     798
     870
     862
     832
     810
     849
     833
     868
     864
     857
     793
     872
     842
     811
     782
     831
     857
     813
     836
     803
     800
     836
     827
     867
     827
     847
     872
     865
     882
     902
     880
     898
     782
     889
     907
     836
     812
     825
     844
     837
     875
     746
     858
     855
     848
     821
     835
     846
     820
     817
     872
     775
     827
     813
     779
     823
     851
     838
     825
     764
     793
     809
     782
     759
     788
     788
     760
     752
     825
     856
     760
     793
     762
     797
     794
     818
     759
     751
     812
     813
     812
     789
     757
     778
     803
     796
     814
     850
     854
     804
     765
     815
     838
     766
     756
     796
     798
     799
     715
     749
     792
     799
     800
     751
     719
     864
     845
     887
     972
    1025
    1201
    1272
    1517
    1501
    1469
    1443
    1286
    1143
    1034
     962
     865
     769
     748
     799
     756
     731
     761
     775
     783
     742
     803
     797
     728
     738
     743
     777
     775
     733
     763
     673
     762
     743
     713
     745
     717
     760
     712
     768
     802
     731
     735
     780
     688
     721
     716
     757
     738
     805
     762
     720
     821
     789
     784
     819
     744
     786
     833
     796
     784
     743
     772
     736
     754
     741
     736
     730
     697
     763
     734
     729
     744
     765
     738
     755
     740
     699
     759
     744
     694
     738
     743
     750
     742
     719
     728
     727
     762
     731
     748
     729
     752
     750
     739
     773
     801
     744
     776
     782
     801
     782
     844
     786
     803
     720
     756
     716
     673
     745
     760
     732
     728
     699
     674
     729
     725
     710
     741
     694
     713
     701
     756
     674
     828
     764
     758
     770
     806
     745
     761
     818
     766
     773
     757
     750
     753
     737
     783
     794
     869
     904
     964
    1085
    1119
    1168
    1154
    1188
    1066
     964
     883
     878
     762
     778
     789
     736
     726
     798
     866
     821
     846
     844
     775
     764
     715
     712
     703
     670
     707
     684
     696
     689
     631
     646
     648
     694
     748
     673
     718
     686
     690
     673
     686
     682
     695
     681
     708
     695
     680
     708
     713
     750
     661
     736
     743
     712
     695
     735
     700
     766
     761
     763
     843
     851
     900
     923
     872
     789
     795
     736
     737
     731
     726
     727
     702
     668
     664
     667
     664
     651
     642
     695
     635
     660
     660
     680
     696
     696
     714
     715
     722
     764
     819
     903
     990
    1025
    1065
    1012
    1023
     968
     825
     808
     789
     672
     679
     644
     629
     627
     662
     685
     675
     643
     672
     642
     704
     605
     642
     690
     641
     678
     645
     662
     691
     624
     630
     612
     617
     657
     647
     704
     675
     707
     723
     784
     751
     745
     798
     758
     711
     675
     631
     655
     611
     618
     619
     647
     601
     642
     660
     644
     678
     670
     644
     597
     616
     665
     660
     624
     659
     674
     649
     608
     617
     609
     598
     662
     657
     607
     667
     611
     641
     618
     601
     682
     625
     626
     622
     633
     622
     623
     652
     647
     671
     676
     675
     600
     640
     630
     585
     648
     632
     627
     638
     663
     615
     588
     607
     615
     633
     671
     660
     670
     640
     620
     633
     650
     624
     593
     631
     620
     616
     632
     593
     610
     675
     613
     689
     675
     721
     643
     691
     670
     632
     630
     675
     623
     649
     609
     628
     660
     685
     716
     689
     754
     774
     740
     754
     708
     721
     650
     662
     647
     664
     666
     671
     681
     728
     716
     709
     688
     739
     710
     693
     697
     625
     675
     629
     609
     597
     629
     586
     602
     605
     601
     593
     616
     590
     621
     599
     578
     577
     631
     601
     602
     621
     592
     611
     563
     584
     547
     601
     585
     623
     574
     661
     597
     568
     595
     625
     589
     609
     615
     606
     609
     558
     619
     602
     581
     555
     561
     603
     584
     596
     561
     574
     629
     579
     604
     608
     584
     608
     540
     606
     639
     739
     728
     847
     897
     907
     993
     991
     976
     908
     865
     820
     720
     696
     632
     600
     559
     585
     572
     585
     568
     598
     614
     570
     611
     589
     624
     609
     560
     602
     579
     591
     566
     599
     553
     601
     602
     575
     601
     638
     572
     596
     555
     599
     496
     587
     601
     575
     566
     650
     599
     596
     597
     584
     588
     575
     563
     632
     575
     615
     575
     557
     534
     606
     602
     616
     617
     636
     543
     611
     536
     583
     557
     599
     551
     572
     568
     601
     553
     593
     594
     576
     606
     625
     628
     592
     532
     565
     545
     565
     616
     569
     566
     609
     598
     571
     564
     594
     569
     585
     585
     578
     553
     600
     588
     563
     586
     580
     579
     591
     574
     564
     578
     612
     582
     599
     578
     637
     568
     607
     574
     544
     578
     628
     597
     606
     597
     576
     542
     578
     594
     581
     597
     592
     539
     580
     581
     616
     587
     543
     574
     583
     538
     565
     613
     586
     587
     584
     569
     562
     613
     564
     573
     605
     618
     648
     660
     633
     599
     627
     635
     625
     578
     563
     549
     543
     547
     579
     540
     551
     645
     669
     777
     966
    1130
    1555
    1963
    2257
    2595
    2825
    2728
    2556
    2333
    1951
    1505
    1305
    1011
     803
     630
     628
     623
     577
     509
     574
     546
     512
     591
     532
     540
     530
     536
     505
     565
     547
     524
     525
     547
     544
     512
     578
     503
     513
     573
     535
     504
     557
     528
     520
     521
     549
     567
     544
     530
     508
     548
     508
     549
     508
     568
     521
     534
     542
     549
     601
     540
     535
     543
     552
     574
     526
     513
     507
     503
     499
     547
     548
     505
     533
     564
     564
     585
     595
     608
     657
     705
     732
     794
     799
     793
     796
     768
     686
     642
     657
     582
     579
     521
     507
     573
     536
     522
     532
     501
     533
     508
     508
     555
     513
     523
     526
     538
     533
     551
     511
     520
     570
     525
     555
     517
     495
     519
     535
     487
     503
     575
     541
     541
     537
     586
     538
     563
     572
     543
     546
     546
     608
     557
     598
     654
     626
     599
     667
     604
     650
     608
     581
     636
     546
     598
     531
     582
     557
     565
     524
     528
     505
     523
     467
     506
     523
     539
     520
     507
     499
     506
     506
     529
     533
     536
     537
     524
     542
     545
     509
     526
     491
     553
     519
     480
     520
     537
     518
     505
     536
     563
     578
     668
     731
     763
     862
     885
     923
     950
     946
     919
     861
     767
     755
     727
     743
     817
     950
    1104
    1331
    1565
    1804
    1775
    1824
    1740
    1556
    1356
    1082
     917
     819
     657
     588
     525
     532
     532
     493
     525
     508
     528
     528
     483
     481
     541
     472
     503
     464
     487
     517
     517
     506
     469
     501
     520
     503
     458
     483
     493
     496
     520
     485
     507
     532
     506
     527
     471
     483
     510
     510
     541
     469
     511
     490
     513
     485
     468
     467
     481
     497
     480
     478
     464
     473
     505
     509
     519
     500
     513
     553
     471
     496
     504
     494
     522
     501
     527
     549
     508
     474
     502
     524
     490
     523
     493
     510
     502
     462
     491
     483
     485
     503
     487
     519
     473
     482
     541
     526
     518
     524
     539
     470
     529
     524
     477
     494
     526
     502
     490
     550
     520
     590
     567
     558
     582
     594
     587
     562
     493
     541
     499
     520
     499
     469
     457
     488
     494
     459
     538
     505
     524
     493
     472
     474
     487
     472
     472
     474
     505
     497
     516
     514
     514
     491
     455
     522
     477
     444
     474
     518
     475
     504
     472
     510
     514
     482
     496
     539
     501
     506
     474
     458
     483
     493
     485
     482
     469
     446
     478
     489
     482
     478
     497
     478
     490
     481
     491
     486
     506
     515
     514
     523
     469
     502
     482
     488
     486
     495
     513
     503
     481
     510
     514
     505
     506
     515
     487
     502
     507
     455
     506
     484
     457
     450
     481
     508
     487
     485
     480
     480
     489
     439
     494
     497
     491
     466
     492
     512
     486
     507
     446
     487
     522
     486
     456
     481
     540
     500
     472
     461
     500
     457
     505
     493
     541
     475
     497
     493
     474
     471
     497
     489
     477
     454
     498
     509
     491
     493
     475
     475
     515
     484
     498
     476
     532
     510
     460
     469
     482
     506
     505
     467
     499
     495
     490
     482
     485
     459
     472
     502
     486
     507
     526
     494
     460
     439
     516
     471
     519
     480
     518
     530
     536
     476
     489
     542
     478
     537
     477
     540
     484
     529
     485
     495
     467
     486
     485
     502
     503
     477
     499
     482
     505
     464
     483
     499
     485
     504
     495
     494
     488
     462
     470
     502
     504
     500
     466
     476
     509
     485
     482
     490
     488
     476
     497
     468
     513
     472
     460
     449
     467
     503
     481
     471
     496
     494
     540
     460
     457
     495
     501
     450
     481
     512
     526
     481
     497
     488
     515
     537
     504
     494
     532
     497
     471
     429
     504
     472
     484
     484
     490
     491
     471
     460
     515
     474
     489
     514
     474
     446
     465
     513
     501
     451
     461
     537
     503
     509
     525
     483
     522
     550
     516
     541
     494
     470
     503
     451
     490
     472
     466
     460
     504
     498
     472
     456
     472
     504
     484
     495
     481
     502
     481
     494
     499
     517
     476
     490
     500
     481
     480
     503
     520
     514
     466
     488
     500
     531
     485
     468
     460
     544
     513
     492
     462
     459
     518
     464
     480
     446
     471
     508
     532
     501
     488
     538
     510
     533
     529
     508
     485
     470
     498
     511
     450
     476
     475
     517
     489
     480
     515
     492
     485
     460
     456
     463
     490
     473
     488
     477
     491
     498
     491
     517
     472
     536
     523
     487
     490
     488
     498
     476
     501
     494
     502
     451
     494
     527
     512
     485
     479
     508
     503
     534
     486
     512
     480
     554
     503
     503
     487
     496
     515
     532
     503
     476
     535
     475
     460
     521
     525
     492
     471
     449
     461
     457
     509
     501
     531
     489
     519
     553
     567
     674
     712
     881
    1008
    1239
    1412
    1590
    1676
    1674
    1512
    1448
    1340
    1145
     916
     763
     675
     565
     558
     535
     490
     505
     491
     519
     480
     498
     478
     489
     462
     480
     479
     444
     489
     474
     470
     511
     485
     490
     512
     495
     522
     503
     520
     484
     532
     483
     500
     544
     521
     538
     486
     523
     497
     546
     481
     526
     535
     518
     521
     495
     499
     487
     477
     520
     502
     526
     474
     506
     476
     491
     510
     472
     458
     460
     466
     471
     491
     506
     509
     535
     479
     502
     480
     474
     496
     511
     461
     487
     531
     496
     532
     465
     482
     463
     535
     502
     464
     478
     510
     533
     478
     521
     533
     520
     503
     463
     524
     508
     501
     474
     507
     486
     504
     533
     513
     497
     520
     477
     520
     534
     518
     556
     618
     570
     572
     552
     646
     632
     644
     641
     589
     618
     599
     545
     511
     509
     496
     532
     499
     523
     491
     534
     517
     495
     488
     453
     499
     518
     495
     510
     523
     537
     478
     468
     466
     502
     506
     498
     527
     507
     481
     479
     491
     539
     544
     472
     519
     505
     503
     520
     490
     524
     480
     487
     519
     508
     549
     534
     489
     496
     519
     517
     514
     490
     599
     547
     552
     532
     503
     518
     558
     529
     494
     554
     533
     552
     504
     535
     549
     536
     564
     526
     547
     542
     526
     553
     545
     528
     566
     519
     527
     496
     480
     544
     521
     550
     537
     539
     507
     574
     528
     547
     562
     526
     499
     531
     502
     530
     565
     516
     557
     471
     542
     472
     523
     535
     505
     495
     508
     515
     542
     543
     574
     459
     552
     543
     524
     521
     519
     512
     505
     525
     509
     510
     538
     514
     565
     544
     546
     552
     527
     546
     537
     554
     517
     559
     574
     531
     543
     514
     523
     543
     514
     501
     554
     550
     539
     596
     550
     550
     514
     551
     525
     543
     524
     522
     512
     559
     539
     523
     531
     567
     578
     554
     568
     538
     509
     526
     543
     558
     551
     533
     545
     565
     553
     588
     593
     598
     569
     578
     606
     569
     576
     555
     604
     556
     548
     538
     585
     583
     578
     557
     502
     550
     557
     514
     495
     514
     526
     559
     548
     519
     539
     522
     541
     510
     530
     558
     567
     544
     525
     580
     549
     617
     533
     521
     564
     559
     535
     574
     563
     553
     559
     563
     572
     549
     557
     554
     547
     547
     561
     524
     572
     535
     557
     591
     531
     540
     599
     527
     544
     560
     586
     561
     549
     570
     565
     536
     594
     562
     514
     538
     578
     538
     534
     573
     539
     584
     557
     554
     589
     600
     542
     568
     547
     562
     559
     577
     562
     535
     518
     586
     602
     658
     641
     677
     747
     860
     856
     949
     984
     931
     925
     873
     829
     754
     679
     638
     624
     603
     517
     523
     540
     531
     528
     530
     477
     438
     505
     457
     505
     487
     434
     399
     470
     432
     503
     451
     455
     502
     456
     473
     483
     453
     419
     456
     448
     429
     440
     427
     422
     436
     428
     424
     421
     398
     415
     417
     430
     430
     423
     394
     415
     443
     434
     415
     419
     419
     456
     411
     440
     415
     419
     367
     351
     406
     391
     402
     406
     368
     355
     423
     352
     380
     427
     399
     390
     404
     387
     393
     403
     375
     388
     356
     400
     362
     349
     382
     363
     387
     418
     381
     394
     391
     402
     379
     381
     378
     372
     363
     336
     377
     401
     347
     350
     366
     359
     339
     374
     365
     367
     374
     359
     366
     345
     332
     376
     351
     367
     378
     363
     360
     337
     352
     349
     360
     324
     430
     357
     368
     376
     375
     356
     402
     342
     332
     369
     376
     411
     389
     393
     408
     426
     445
     451
     430
     487
     441
     454
     446
     372
     379
     400
     361
     382
     334
     338
     364
     331
     340
     329
     350
     346
     361
     347
     353
     347
     320
     354
     327
     341
     377
     353
     358
     338
     333
     328
     346
     336
     339
     350
     318
     360
     334
     352
     348
     322
     324
     341
     356
     335
     339
     340
     316
     336
     311
     335
     342
     337
     291
     327
     360
     320
     328
     338
     320
     292
     308
     309
     321
     311
     346
     286
     334
     302
     343
     310
     358
     329
     310
     287
     342
     354
     315
     339
     305
     312
     280
     326
     326
     298
     330
     300
     295
     313
     290
     311
     312
     294
     316
     292
     321
     279
     287
     270
     302
     288
     309
     295
     304
     310
     301
     300
     320
     283
     304
     314
     308
     290
     286
     282
     270
     303
     263
     255
     296
     292
     316
     264
     317
     283
     272
     290
     311
     289
     314
     257
     266
     268
     267
     290
     313
     281
     270
     280
     300
     269
     274
     309
     292
     283
     262
     287
     295
     253
     274
     301
     276
     242
     243
     274
     250
     292
     246
     268
     271
     274
     247
     259
     275
     257
     284
     254
     277
     271
     236
     240
     258
     285
     265
     281
     268
     297
     284
     266
     254
     279
     297
     252
     256
     239
     250
     245
     253
     251
     236
     248
     247
     244
     263
     253
     238
     231
     248
     236
     267
     223
     258
     245
     279
     263
     248
     233
     255
     222
     251
     255
     232
     216
     290
     241
     240
     224
     230
     232
     222
     235
     243
     208
     213
     262
     264
     223
     227
     243
     241
     228
     215
     247
     203
     218
     240
     215
     246
     219
     221
     243
     229
     240
     221
     223
     234
     213
     206
     229
     202
     221
     184
     227
     239
     218
     235
     207
     208
     244
     234
     193
     234
     208
     212
     195
     198
     192
     230
     217
     229
     212
     225
     191
     208
     219
     192
     227
     199
     172
     199
     190
     212
     193
     190
     207
     213
     201
     205
     203
     197
     205
     183
     193
     218
     191
     190
     207
     211
     204
     203
     205
     215
     202
     206
     237
     191
     206
     213
     188
     186
     211
     204
     200
     212
     215
     211
     198
     195
     203
     212
     211
     237
     220
     227
     259
     285
     333
     362
     444
     479
     475
     436
     449
     398
     380
     311
     286
     251
     234
     225
     221
     207
     189
     184
     173
     195
     189
     216
     175
     172
     194
     212
     241
     220
     236
     230
     242
     250
     234
     225
     224
     210
     200
     201
     204
     182
     206
     154
     171
     192
     172
     177
     169
     182
     167
     179
     196
     152
     188
     177
     145
     186
     174
     181
     165
     183
     171
     179
     178
     175
     205
     177
     172
     202
     179
     192
     172
     171
     179
     182
     183
     182
     175
     171
     214
     210
     207
     226
     245
     245
     263
     252
     251
     279
     247
     240
     232
     227
     195
     177
     212
     177
     172
     164
     175
     205
     197
     218
     234
     271
     292
     311
     306
     350
     375
     314
     318
     296
     283
     265
     227
     215
     182
     182
     188
     165
     180
     150
     186
     184
     172
     166
     174
     177
     156
     177
     171
     148
     153
     146
     160
     179
     172
     151
     177
     154
     144
     180
     169
     174
     169
     157
     161
     155
     181
     166
     151
     156
     180
     181
     185
     168
     184
     169
     176
     149
     165
     156
     154
     175
     159
     166
     185
     179
     183
     176
     181
     179
     156
     192
     169
     183
     160
     161
     153
     156
     170
     192
     189
     175
     172
     153
     161
     173
     136
     145
     152
     148
     171
     165
     167
     167
     160
     153
     159
     160
     169
     173
     168
     170
     162
     168
     157
     170
     150
     164
     150
     144
     169
     157
     141
     168
     145
     162
     172
     178
     148
     169
     165
     125
     157
     161
     170
     182
     143
     155
     144
     167
     173
     160
     158
     158
     193
     164
     142
     157
     159
     164
     167
     165
     139
     185
     173
     144
     187
     156
     171
     147
     167
     154
     152
     176
     175
     157
     177
     165
     158
     132
     181
     188
     167
     165
     152
     168
     162
     187
     187
     167
     177
     215
     234
     334
     423
     647
    1073
    1662
    2490
    3678
    5236
    7106
    9102
   11173
   12761
   13983
   14298
   13823
   12685
   11018
    8953
    6895
    5028
    3465
    2224
    1342
     777
     481
     301
     170
     153
     121
      76
      95
      86
      71
      86
      86
      94
      78
      80
      91
     104
      83
     101
      87
     104
      85
      81
      83
      94
      95
      91
      90
      86
      91
      86
      84
      77
     100
      81
      85
      87
      78
      91
      93
      97
      80
      98
      94
      96
      76
      90
     104
      73
      76
      87
      76
      79
      86
      80
      96
      97
      96
      98
      80
      86
      95
      96
      73
      84
      97
      97
      93
     103
      87
      85
      95
      78
      82
      96
      93
      98
      83
      78
      76
      77
     100
      90
      70
      99
      99
      74
     104
      84
      88
      96
      88
      85
      96
      96
      96
      88
      95
      97
     105
      97
      90
      85
     115
     113
     102
     133
     126
     133
     130
     136
     132
     156
     151
     132
     103
     108
      99
      93
      83
      85
     102
      92
      99
      92
     124
      89
     107
     129
     111
     128
     121
     113
      87
      86
      97
      99
      88
      98
      77
      93
      87
      86
      86
      84
      93
     115
     110
     132
     166
     165
     170
     196
     211
     215
     233
     224
     208
     209
     177
     172
     150
     140
     107
     108
     115
     114
     102
     109
      92
     101
      94
      86
     100
     102
      83
      95
      98
      70
      96
      80
      81
      85
      70
      91
      60
      81
      74
      78
      73
      86
      71
      87
      95
      78
      70
      81
      84
      79
      92
      73
      79
      89
      66
      83
      87
      96
      91
      75
     108
      69
      84
      79
      99
      89
      89
      87
      79
      75
      92
      94
      90
      86
      92
     104
      81
      83
      84
      86
      92
      79
      74
      84
      95
      92
     103
      89
      77
      69
      84
      76
      70
      88
      68
      78
      58
      89
      78
      68
     101
     101
     106
     106
      98
     111
      96
     100
      99
     118
     109
      96
      80
     105
      84
      78
      84
      82
     101
      92
     108
      97
     104
     106
      77
      86
      98
      92
      71
      73
      73
      86
      89
      67
      75
      89
      82
      78
      81
      70
      77
      66
      73
      63
      87
      80
      76
      73
      70
      87
      70
      54
      73
      78
      60
      72
      59
      55
      66
      64
      82
      86
      63
      75
      76
      76
      81
      74
      88
      72
      74
      90
      67
      76
      76
      79
      84
      74
      71
      71
      75
      97
      72
      58
      64
      78
      63
      68
      66
      71
      69
      60
      68
      68
      64
      68
      73
      79
      84
      66
      67
      71
      79
      58
      81
      68
      65
      70
      80
      78
      72
      62
      58
      77
      85
      65
      65
      63
      62
      60
      66
      62
      72
      74
      68
      75
      69
      70
      75
      71
      51
      63
      71
      90
      55
      72
      64
      70
      71
      72
      79
      85
      90
      91
      78
      88
      93
      95
     114
     107
     127
     119
     123
     120
     112
     104
     117
     103
     115
     122
     123
     119
      95
      91
      89
     112
     108
     120
     109
     138
     190
     182
     223
     206
     258
     271
     228
     243
     227
     206
     182
     165
     175
     172
     184
     195
     203
     228
     245
     304
     285
     330
     300
     275
     237
     205
     190
     147
     124
     102
      85
      92
      78
      73
      75
      58
      52
      67
      83
      71
      86
      93
      88
      95
      95
      64
      76
      72
      79
      86
      68
      81
      62
      60
      59
      59
      67
      56
      56
      71
      61
      75
      62
      69
      70
      72
      75
      75
      68
      82
      64
      61
      61
      66
      70
      79
      83
      79
      53
      68
      73
      76
      73
      66
      70
      61
      61
      52
      73
      74
      67
      55
      64
      64
      65
      61
      67
      60
      66
      61
      62
      60
      65
      84
      65
      59
      66
      74
      88
      70
      86
     111
     142
     117
     134
     181
     146
     137
     131
     139
     112
      89
     104
     100
      97
      86
      68
      73
      84
      73
      91
      69
      89
      82
      69
      84
      59
      74
      63
      61
      66
      75
      81
      92
      98
     106
     142
     131
     156
     151
     160
     147
     144
     130
     108
      94
     118
      79
      91
      74
      67
      61
      63
      70
      50
      63
      66
      61
      53
      72
      65
      76
      86
      95
      76
      81
      82
      84
      90
      83
      78
      76
      56
      71
      46
      62
      65
      56
      61
      51
      73
      41
      58
      48
      54
      49
      53
      65
      58
      66
      58
      68
      49
      59
      46
      53
      56
      74
      47
      59
      64
      64
      51
      63
      60
      71
      56
      65
      73
      60
      56
      69
      56
      67
      59
      58
      56
      67
      47
      51
      50
      75
      51
      47
      64
      53
      61
      59
      62
      80
      57
      49
      50
      59
      59
      68
      71
      69
      71
      76
      98
      96
     106
     124
     123
     104
     101
     109
     112
      99
      76
      85
      82
      79
      46
      63
      59
      59
      62
      69
      65
      77
      58
      66
      77
      57
      57
      71
      67
      56
      54
      54
      42
      47
      52
      46
      58
      50
      60
      47
      52
      56
      69
      58
      48
      60
      58
      43
      48
      58
      40
      57
      60
      53
      53
      72
      52
      57
      51
      49
      61
      63
      64
      60
      56
      57
      55
      70
      59
      68
      57
      58
      58
      60
      62
      70
      54
      70
      79
      64
      66
      70
      54
      66
      83
      60
      68
      62
      70
      65
      55
      61
      68
      48
      57
      45
      53
      56
      63
      55
      57
      61
      64
      54
      56
      49
      65
      59
      54
      71
      72
      55
      77
      68
      75
      78
      65
      63
      69
      69
      68
      66
      69
      50
      54
      48
      42
      64
      50
      57
      46
      51
      51
      59
      46
      54
      44
      63
      64
      56
      63
      63
      56
      61
      70
      71
      57
      65
      73
      46
      56
      50
      55
      61
      64
      51
      59
      51
      64
      53
      48
      69
      63
      54
      61
      47
      54
      60
      57
      55
      63
      63
      52
      54
      65
      47
      63
      33
      45
      44
      52
      44
      38
      60
      52
      68
      37
      45
      52
      54
      47
      45
      47
      52
      62
      47
      61
      63
      42
      56
      60
      61
      48
      45
      54
      44
      55
      41
      47
      45
      42
      59
      48
      41
      54
      51
      62
      41
      39
      59
      46
      58
      63
      45
      53
      56
      56
      63
      65
      71
      96
      95
     136
     130
     175
     192
     226
     219
     193
     218
     186
     173
     152
     123
      91
      93
      78
      59
      58
      67
      59
      62
      62
      60
      57
      42
      37
      59
      41
      44
      55
      62
      54
      56
      47
      40
      66
      54
      50
      62
      51
      56
      57
      48
      55
      47
      48
      69
      53
      51
      52
      49
      69
      59
      50
      57
      54
      42
      54
      46
      72
      40
      45
      47
      50
      54
      45
      48
      48
      58
      48
      54
      60
      44
      55
      63
      49
      50
      54
      60
      50
      47
      52
      65
      55
      45
      50
      53
      39
      46
      57
      41
      59
      44
      50
      54
      44
      55
      43
      56
      55
      59
      58
      53
      41
      54
      59
      66
      51
      53
      60
      47
      57
      75
      68
      82
     126
     136
     181
     253
     364
     456
     592
     678
     839
     830
     912
     896
     914
     820
     712
     573
     497
     363
     267
     202
     146
     113
      75
      63
      65
      54
      52
      50
      47
      62
      40
      44
      41
      60
      33
      50
      40
      39
      57
      43
      59
      43
      43
      53
      46
      54
      47
      31
      43
      44
      42
      60
      48
      47
      43
      49
      40
      34
      44
      47
      37
      55
      41
      49
      50
      54
      63
      53
      45
      50
      50
      52
      64
      37
      53
      42
      59
      43
      48
      45
      58
      45
      61
      52
      32
      37
      53
      42
      34
      35
      45
      38
      41
      39
      43
      45
      55
      42
      52
      51
      53
      39
      47
      49
      48
      40
      49
      49
      41
      53
      35
      43
      52
      36
      41
      42
      58
      54
      62
      40
      47
      38
      65
      48
      23
      52
      44
      55
      51
      37
      39
      54
      51
      49
      47
      46
      43
      52
      51
      51
      46
      52
      33
      54
      43
      40
      67
      58
      39
      62
      49
      52
      44
      50
      50
      58
      51
      47
      49
      50
      41
      47
      56
      51
      52
      53
      40
      47
      44
      60
      47
      38
      41
      55
      42
      51
      43
      40
      48
      50
      47
      49
      48
      46
      48
      36
      42
      44
      57
      55
      43
      43
      41
      50
      48
      52
      46
      47
      43
      41
      40
      57
      40
      48
      47
      48
      58
      48
      57
      59
      50
      50
      48
      39
      63
      43
      48
      56
      46
      40
      42
      36
      52
      52
      51
      48
      36
      55
      39
      45
      46
      40
      53
      49
      64
      47
      43
      54
      45
      53
      56
      42
      53
      44
      50
      39
      55
      39
      44
      58
      56
      50
      47
      44
      51
      47
      65
      68
      64
      64
      64
      63
      65
      73
      71
      72
      65
      58
      58
      56
      66
      53
      55
      47
      53
      51
      50
      59
      48
      54
      49
      48
      66
      59
      68
      71
      75
      83
     110
     121
     142
     151
     154
     171
     135
     152
     140
     139
     120
      92
      74
      73
      60
      59
      55
      47
      60
      43
      58
      34
      50
      49
      49
      44
      51
      41
      30
      39
      47
      50
      53
      41
      36
      44
      41
      49
      38
      51
      50
      59
      52
      41
      37
      59
      47
      47
      39
      48
      49
      37
      49
      49
      61
      35
      39
      55
      46
      38
      43
      49
      36
      45
      46
      60
      49
      42
      66
      46
      49
      39
      43
      38
      55
      53
      49
      42
      56
      54
      53
      47
      40
      69
      47
      48
      61
      47
      49
      58
      43
      53
      46
      54
      64
      43
      60
      59
      54
      51
      48
      62
      53
      35
      53
      50
      53
      50
      54
      46
      41
      45
      36
      47
      48
      49
      51
      42
      50
      54
      62
      49
      55
      55
      50
      49
      51
      49
      58
      48
      48
      45
      47
      55
      43
      41
      48
      56
      51
      44
      40
      57
      52
      55
      35
      37
      55
      61
      46
      58
      43
      53
      52
      58
      55
      42
      60
      39
      43
      50
      57
      48
      52
      44
      51
      42
      47
      65
      53
      60
      72
      49
      57
      40
      58
      61
      63
      44
      53
      53
      55
      58
      61
      44
      53
      60
      41
      45
      46
      46
      45
      49
      51
      58
      41
      46
      53
      43
      59
      58
      54
      57
      39
      41
      53
      47
      35
      64
      50
      43
      57
      61
      51
      55
      52
      55
      44
      37
      50
      43
      51
      41
      41
      33
      48
      50
      35
      44
      50
      50
      40
      47
      50
      61
      51
      40
      54
      51
      49
      53
      62
      52
      47
      47
      53
      43
      47
      53
      42
      44
      57
      64
      53
      43
      49
      55
      52
      59
      49
      52
      42
      54
      45
      54
      50
      48
      41
      31
      48
      47
      47
      46
      68
      38
      50
      47
      43
      41
      57
      61
      47
      39
      49
      40
      42
      39
      37
      52
      52
      59
      54
      40
      55
      54
      59
      47
      49
      40
      50
      54
      55
      57
      55
      46
      57
      50
      51
      61
      58
      46
      53
      56
      53
      61
      49
      62
      54
      63
      46
      52
      48
      43
      60
      46
      50
      38
      45
      44
      54
      45
      48
      50
      44
      40
      48
      52
      39
      54
      57
      50
      45
      51
      48
      53
      52
      53
      33
      43
      47
      54
      43
      47
      44
      51
      53
      41
      39
      48
      58
      60
      52
      53
      41
      54
      65
      44
      49
      45
      48
      50
      54
      47
      53
      53
      45
      40
      49
      49
      56
      56
      45
      49
      44
      35
      54
      48
      40
      35
      47
      35
      48
      52
      42
      48
      39
      32
      46
      35
      52
      45
      47
      49
      49
      45
      50
      58
      45
      71
      48
      54
      47
      49
      56
      48
      44
      31
      42
      35
      42
      45
      42
      44
      38
      61
      44
      52
      44
      47
      57
      59
      52
      45
      35
      46
      53
      57
      54
      39
      55
      40
      49
      43
      43
      51
      56
      49
      44
      37
      43
      36
      50
      48
      44
      47
      43
      41
      53
      38
      41
      29
      40
      48
      36
      39
      40
      44
      39
      27
      42
      50
      50
      44
      40
      46
      43
      46
      46
      41
      53
      40
      47
      36
      49
      48
      41
      49
      55
      37
      50
      41
      37
      44
      48
      46
      41
      35
      39
      50
      53
      48
      23
      38
      47
      34
      45
      51
      53
      38
      36
      52
      47
      46
      38
      29
      47
      42
      52
      41
      43
      32
      44
      41
      34
      43
      36
      50
      43
      50
      40
      28
      36
      47
      49
      45
      30
      54
      34
      47
      51
      46
      47
      34
      43
      43
      33
      43
      52
      51
      35
      36
      40
      43
      59
      34
      37
      46
      40
      34
      38
      48
      34
      55
      46
      52
      46
      41
      44
      43
      49
      34
      38
      43
      40
      49
      40
      50
      57
      54
      38
      54
      50
      41
      41
      55
      40
      38
      53
      36
      38
      40
      45
      45
      40
      41
      44
      37
      44
      36
      43
      44
      38
      37
      34
      35
      33
      40
      44
      30
      42
      48
      37
      44
      40
      46
      41
      38
      41
      43
      45
      41
      31
      38
      40
      35
      44
      35
      38
      36
      49
      44
      43
      41
      38
      45
      42
      57
      37
      41
      41
      33
      49
      33
      36
      32
      42
      36
      44
      49
      39
      34
      43
      37
      42
      39
      42
      36
      36
      44
      44
      39
      48
      52
      44
      45
      38
      40
      45
      34
      37
      51
      35
      39
      47
      40
      46
      46
      36
      43
      43
      35
      45
      41
      42
      35
      40
      40
      32
      30
      45
      45
      36
      34
      55
      36
      44
      46
      49
      44
      45
      41
      43
      40
      38
      34
      40
      39
      53
      46
      48
      43
      50
      41
      48
      33
      48
      42
      53
      51
      40
      39
      40
      44
      38
      39
      44
      42
      36
      48
      42
      45
      40
      38
      38
      40
      45
      41
      45
      35
      32
      39
      34
      53
      42
      35
      39
      35
      37
      40
      38
      45
      51
      45
      36
      51
      57
      34
      38
      34
      46
      28
      36
      43
      36
      44
      35
      39
      41
      36
      39
      49
      46
      40
      55
      42
      42
      41
      38
      60
      37
      58
      42
      41
      35
      37
      43
      51
      47
      46
      36
      45
      41
      47
      47
      45
      39
      31
      45
      37
      39
      33
      32
      33
      44
      44
      52
      43
      44
      38
      39
      46
      38
      47
      50
      45
      49
      53
      39
      46
      36
      35
      44
      36
      43
      47
      38
      40
      49
      48
      27
      46
      40
      40
      42
      41
      31
      59
      43
      38
      41
      47
      33
      26
      43
      54
      44
      35
      49
      33
      51
      28
      52
      39
      37
      31
      37
      47
      42
      42
      30
      59
      40
      43
      34
      48
      51
      61
      50
      70
      57
      83
      95
     108
     135
     138
     185
     191
     196
     200
     232
     229
     204
     230
     202
     197
     145
     166
     141
     114
     101
      93
      74
      68
      58
      73
      68
      54
      65
      50
      47
      39
      42
      41
      55
      38
      43
      41
      39
      40
      48
      44
      31
      45
      36
      42
      36
      43
      53
      36
      47
      47
      48
      52
      54
      58
      79
      62
      81
      92
      91
      98
     113
      85
      83
      80
      93
      73
      68
      50
      63
      49
      42
      47
      47
      49
      39
      47
      48
      48
      34
      41
      47
      48
      39
      42
      57
      42
      42
      32
      48
      45
      52
      39
      50
      42
      45
      52
      40
      35
      44
      35
      47
      32
      45
      46
      46
      45
      35
      38
      52
      37
      42
      46
      52
      40
      45
      34
      45
      39
      46
      48
      35
      27
      47
      34
      40
      40
      35
      36
      41
      50
      45
      43
      31
      42
      43
      37
      48
      43
      33
      39
      43
      43
      40
      41
      24
      36
      46
      42
      55
      49
      41
      45
      32
      41
      56
      43
      48
      44
      33
      40
      45
      45
      45
      45
      33
      46
      40
      46
      45
      42
      45
      50
      46
      50
      41
      43
      45
      42
      41
      46
      55
      32
      44
      34
      33
      37
      54
      55
      46
      51
      37
      43
      43
      34
      27
      36
      36
      41
      41
      37
      46
      34
      40
      41
      46
      31
      33
      33
      36
      40
      34
      35
      39
      48
      38
      39
      37
      41
      50
      39
      30
      47
      37
      36
      42
      35
      40
      32
      47
      44
      43
      39
      48
      34
      28
      43
      34
      49
      46
      46
      34
      52
      47
      40
      39
      34
      54
      52
      45
      33
      38
      53
      41
      37
      58
      47
      39
      37
      48
      46
      35
      49
      39
      36
      36
      39
      39
      55
      53
      34
      46
      33
      47
      42
      44
      41
      47
      41
      38
      47
      49
      39
      42
      40
      44
      49
      41
      47
      42
      51
      41
      50
      41
      56
      52
      33
      40
      44
      33
      50
      39
      44
      45
      29
      46
      44
      32
      56
      48
      44
      44
      50
      33
      40
      45
      53
      49
      40
      52
      47
      50
      42
      41
      37
      42
      51
      45
      33
      46
      48
      48
      27
      42
      34
      41
      42
      52
      53
      42
      72
      51
      75
      92
      92
      93
     140
     139
     178
     221
     229
     247
     227
     271
     245
     231
     230
     205
     158
     161
     123
      92
      80
      70
      61
      49
      51
      38
      47
      36
      33
      47
      38
      35
      43
      51
      41
      33
      53
      49
      50
      51
      34
      48
      46
      50
      38
      37
      43
      37
      47
      50
      46
      46
      42
      39
      40
      47
      40
      47
      42
      47
      52
      43
      50
      50
      55
      53
      53
      42
      52
      36
      53
      42
      27
      44
      46
      52
      38
      38
      59
      45
      38
      52
      49
      32
      49
      43
      43
      50
      48
      47
      51
      36
      44
      46
      43
      50
      37
      40
      41
      32
      33
      44
      63
      42
      40
      42
      36
      36
      48
      48
      37
      46
      38
      50
      46
      47
      61
      48
      48
      40
      37
      50
      46
      39
      43
      45
      46
      38
      37
      51
      41
      34
      45
      44
      38
      44
      41
      49
      50
      47
      45
      48
      40
      49
      44
      35
      44
      47
      52
      57
      32
      48
      37
      45
      44
      34
      46
      41
      49
      26
      54
      51
      48
      38
      47
      56
      50
      54
      56
      45
      52
      61
      38
      48
      50
      50
      47
      49
      38
      41
      50
      52
      57
      46
      50
      50
      45
      41
      40
      33
      48
      43
      42
      52
      46
      41
      49
      55
      50
      49
      39
      52
      38
      47
      35
      48
      50
      47
      38
      52
      60
      57
      50
      37
      40
      49
      45
      38
      44
      46
      51
      53
      51
      54
      49
      38
      49
      45
      37
      41
      43
      45
      45
      42
      63
      48
      56
      47
      46
      41
      41
      39
      37
      40
      42
      41
      43
      53
      44
      42
      37
      60
      53
      59
      43
      57
      49
      34
      46
      41
      47
      53
      55
      37
      50
      51
      42
      40
      45
      48
      44
      54
      46
      56
      42
      46
      46
      41
      43
      46
      42
      45
      52
      42
      55
      56
      57
      44
      64
      60
      42
      59
      50
      46
      49
      52
      47
      60
      48
      48
      33
      36
      55
      58
      50
      65
      44
      65
      53
      57
      55
      60
      56
      66
      75
      68
      71
      68
      47
      62
      45
      49
      58
      53
      68
      41
      55
      51
      43
      55
      44
      30
      62
      48
      46
      43
      42
      46
      43
      57
      60
      44
      40
      59
      54
      40
      54
      35
      46
      57
      52
      45
      47
      43
      64
      54
      48
      43
      46
      48
      47
      49
      46
      54
      55
      56
      53
      54
      49
      52
      45
      55
      48
      40
      52
      55
      54
      73
      56
      41
      51
      51
      53
      49
      44
      41
      41
      59
      53
      38
      51
      52
      52
      45
      44
      52
      52
      47
      51
      47
      48
      50
      44
      52
      55
      63
      60
      37
      51
      72
      56
      53
      36
      61
      42
      51
      69
      51
      54
      58
      48
      54
      51
      50
      49
      61
      44
      43
      58
      46
      54
      56
      56
      62
      55
      42
      58
      49
      51
      42
      46
      57
      47
      50
      63
      50
      57
      42
      40
      48
      54
      41
      47
      57
      37
      49
      57
      50
      46
      48
      43
      58
      60
      56
      53
      56
      52
      54
      54
      56
      39
      54
      62
      60
      60
      62
      43
      65
      60
      60
      56
      56
      50
      65
      65
      45
      48
      53
      64
      57
      45
      48
      62
      54
      54
      54
      58
      60
      55
      58
      50
      57
      74
      59
      45
      44
      59
      60
      59
      70
      55
      45
      51
      45
      48
      40
      58
      66
      45
      56
      55
      55
      60
      42
      46
      60
      52
      53
      56
      50
      45
      61
      47
      44
      57
      46
      55
      51
      53
      63
      40
      60
      56
      72
      48
      50
      61
      59
      57
      53
      54
      56
      55
      68
      56
      61
      55
      49
      48
      47
      60
      57
      69
      54
      52
      56
      56
      55
      41
      50
      50
      65
      56
      57
      56
      53
      55
      60
      64
      43
      58
      44
      62
      50
      44
      54
      55
      72
      52
      63
      66
      55
      57
      49
      57
      57
      59
      48
      59
      61
      53
      47
      62
      43
      70
      52
      55
      38
      46
      58
      44
      60
      40
      48
      41
      52
      38
      53
      50
      54
      48
      44
      37
      39
      48
      33
      37
      41
      45
      32
      48
      47
      47
      44
      35
      41
      37
      36
      42
      36
      48
      44
      30
      41
      36
      43
      41
      34
      35
      45
      36
      36
      37
      37
      33
      41
      36
      38
      32
      40
      31
      41
      39
      51
      30
      40
      41
      37
      39
      31
      40
      37
      37
      40
      47
      40
      42
      33
      43
      32
      42
      33
      36
      33
       1
       0
$ROI:
0
$PRESETS:
None
0
0
$ENER_FIT:
0.000000 0.293177
$MCA_CAL:
3
0.000000E+000 2.931768E-001 0.000000E+000
$SHAPE_CAL:
3
0.000000E+000 0.000000E+000 0.000000E+000
