$SPEC_ID:
 
$SPEC_REM:
DET# 1
DETDESC# DS50-19098140 MCB 1
AP# GammaVision Version 6.01
$DATE_MEA:
10/10/2020 15:01:32
$MEAS_TIM:
10041 10089
$DATA:
0 8191
       0
       0
       0
       0
       0
       0
       0
       0
       0
       0
       0
       0
       0
       0
       0
       0
       0
       0
       0
       0
       0
       0
       0
       0
       0
       0
       0
       0
       0
       0
       0
       0
       0
       0
       0
       0
       0
       0
       0
       0
       0
       0
       0
       0
       0
       0
       0
       0
       0
       0
    2609
    2729
    2719
    2643
    2656
    2728
    2629
    2625
    2528
    2593
    2526
    2529
    2578
    2634
    2528
    2487
    2543
    2504
    2614
    2414
    2554
    2492
    2495
    2527
    2461
    2459
    2315
    2419
    2419
    2332
    2330
    2452
    2381
    2309
    2404
    2486
    2283
    2324
    2393
    2298
    2367
    2294
    2355
    2249
    2322
    2337
    2273
    2263
    2306
    2177
    2238
    2310
    2256
    2270
    2184
    2219
    2338
    2187
    2159
    2259
    2219
    2273
    2202
    2195
    2200
    2231
    2241
    2205
    2195
    2184
    2177
    2172
    2147
    2145
    2155
    2059
    2141
    2102
    2167
    2245
    2141
    2157
    2122
    2168
    2150
    2059
    2151
    2143
    2091
    2121
    2118
    2101
    2063
    2114
    2185
    2050
    2106
    2047
    2188
    2109
    2077
    2037
    2055
    2109
    2116
    2039
    2009
    2047
    2045
    2056
    2051
    1993
    2107
    2066
    2136
    2094
    2017
    2137
    2019
    2082
    2017
    1999
    2072
    2044
    2054
    2035
    2095
    2120
    2078
    2128
    2160
    2189
    2185
    2168
    2200
    2149
    2186
    2303
    2229
    2261
    2212
    2245
    2283
    2286
    2221
    2313
    2243
    2222
    2286
    2384
    2324
    2403
    2296
    2268
    2377
    2375
    2465
    2377
    2466
    2422
    2497
    2567
    2497
    2463
    2536
    2514
    2465
    2526
    2559
    2631
    2614
    2600
    2665
    2654
    2631
    2650
    2699
    2803
    2834
    2798
    2726
    2687
    2728
    2823
    2867
    2776
    2842
    2986
    2863
    2903
    2767
    2842
    2923
    2787
    2828
    2926
    2872
    2930
    2975
    2943
    2977
    3093
    2955
    3007
    3053
    3079
    3039
    3040
    3044
    3023
    3049
    3194
    3115
    3272
    3304
    3166
    3253
    3256
    3199
    3250
    3099
    3160
    3063
    3192
    3292
    3394
    3316
    3290
    3234
    3345
    3268
    3305
    3542
    3304
    3450
    3467
    3344
    3251
    3303
    3337
    3439
    3402
    3481
    3302
    3341
    3411
    3390
    3379
    3466
    3382
    3449
    3387
    3418
    3467
    3462
    3515
    3594
    3501
    3438
    3570
    3541
    3424
    3561
    3440
    3528
    3601
    3467
    3527
    3491
    3481
    3520
    3556
    3627
    3547
    3657
    3540
    3693
    3572
    3593
    3647
    3547
    3642
    3626
    3533
    3576
    3609
    3510
    3616
    3572
    3521
    3573
    3514
    3448
    3491
    3555
    3650
    3636
    3593
    3484
    3552
    3670
    3665
    3661
    3667
    3456
    3668
    3662
    3656
    3499
    3578
    3721
    3576
    3569
    3518
    3615
    3534
    3451
    3622
    3532
    3603
    3590
    3518
    3664
    3587
    3559
    3541
    3552
    3598
    3505
    3615
    3585
    3563
    3609
    3569
    3541
    3575
    3667
    3518
    3536
    3667
    3560
    3624
    3581
    3601
    3510
    3568
    3437
    3491
    3488
    3497
    3505
    3589
    3451
    3549
    3429
    3440
    3385
    3467
    3447
    3454
    3390
    3513
    3469
    3466
    3456
    3481
    3470
    3356
    3347
    3454
    3443
    3360
    3381
    3270
    3370
    3400
    3245
    3425
    3485
    3386
    3434
    3361
    3313
    3255
    3306
    3275
    3351
    3351
    3251
    3349
    3299
    3329
    3303
    3291
    3247
    3296
    3315
    3123
    3164
    3273
    3171
    3198
    3207
    3214
    3169
    3237
    3231
    3200
    3255
    3116
    3112
    3211
    3085
    3066
    3106
    3124
    3107
    3087
    3166
    3081
    3018
    3104
    3124
    3001
    3042
    2999
    2958
    3073
    2896
    2932
    2989
    2920
    2978
    2997
    3047
    2993
    2964
    2888
    2854
    3024
    2924
    2989
    2844
    2905
    2839
    2920
    2850
    2794
    2909
    2852
    2882
    2775
    2872
    2803
    2813
    2787
    2886
    2829
    2833
    2842
    2802
    2831
    2751
    2792
    2752
    2804
    2766
    2819
    2853
    2742
    2753
    2703
    2771
    2584
    2721
    2716
    2639
    2799
    2660
    2603
    2686
    2694
    2588
    2690
    2718
    2598
    2668
    2651
    2597
    2526
    2552
    2742
    2564
    2699
    2582
    2590
    2518
    2486
    2500
    2446
    2566
    2472
    2568
    2583
    2550
    2493
    2472
    2582
    2520
    2533
    2446
    2483
    2497
    2485
    2497
    2517
    2491
    2540
    2530
    2477
    2513
    2454
    2320
    2462
    2430
    2328
    2364
    2371
    2297
    2390
    2360
    2408
    2445
    2355
    2328
    2303
    2318
    2359
    2348
    2403
    2302
    2304
    2258
    2287
    2380
    2295
    2352
    2326
    2320
    2339
    2319
    2339
    2223
    2236
    2302
    2263
    2253
    2280
    2246
    2110
    2282
    2196
    2178
    2207
    2155
    2222
    2213
    2230
    2269
    2161
    2123
    2134
    2223
    2225
    2124
    2189
    2209
    2127
    2241
    2109
    2141
    2111
    2097
    2157
    2138
    2114
    2126
    2131
    2212
    2175
    2215
    2098
    2045
    2148
    2151
    2126
    2075
    1981
    2117
    2043
    2025
    2104
    2023
    2056
    2104
    2042
    2153
    2035
    2032
    1981
    2062
    2052
    2025
    2002
    2037
    2055
    1965
    1991
    1977
    2049
    2049
    2015
    1949
    1927
    1928
    1982
    2029
    1999
    1977
    1976
    1944
    1936
    1977
    1858
    1898
    1905
    1947
    1923
    1887
    1955
    1851
    1849
    1804
    1759
    1860
    1759
    1835
    1859
    1849
    1801
    1764
    1846
    1783
    1852
    1841
    1786
    1763
    1733
    1767
    1786
    1884
    1730
    1759
    1876
    1755
    1775
    1765
    1724
    1652
    1761
    1739
    1678
    1698
    1773
    1746
    1840
    1950
    2230
    2439
    2696
    2504
    2236
    1942
    1810
    1658
    1684
    1762
    1788
    1770
    1788
    1688
    1675
    1586
    1664
    1594
    1587
    1579
    1526
    1549
    1568
    1547
    1590
    1452
    1521
    1522
    1499
    1501
    1512
    1525
    1501
    1542
    1472
    1445
    1486
    1489
    1500
    1458
    1556
    1435
    1512
    1511
    1538
    1434
    1500
    1488
    1389
    1416
    1444
    1330
    1496
    1437
    1367
    1414
    1435
    1414
    1394
    1431
    1324
    1433
    1384
    1417
    1452
    1366
    1423
    1385
    1320
    1417
    1329
    1358
    1371
    1349
    1420
    1328
    1286
    1385
    1397
    1334
    1305
    1336
    1313
    1268
    1329
    1281
    1337
    1298
    1405
    1329
    1318
    1269
    1389
    1298
    1360
    1360
    1253
    1324
    1319
    1330
    1341
    1320
    1259
    1218
    1237
    1264
    1271
    1271
    1208
    1259
    1215
    1229
    1245
    1265
    1226
    1172
    1249
    1210
    1228
    1238
    1227
    1212
    1284
    1254
    1165
    1221
    1218
    1186
    1220
    1240
    1214
    1225
    1123
    1195
    1153
    1211
    1180
    1196
    1151
    1149
    1150
    1137
    1106
    1192
    1171
    1119
    1124
    1133
    1195
    1123
    1131
    1093
    1070
    1081
    1092
    1151
    1151
    1112
    1118
    1123
    1099
    1045
    1147
    1147
    1047
    1061
    1084
    1129
    1116
    1131
    1052
    1151
    1159
    1247
    1277
    1296
    1294
    1247
    1154
    1070
    1114
    1048
    1041
    1020
    1032
    1027
    1120
    1004
    1100
    1146
    1126
    1105
    1107
    1098
    1041
    1043
    1063
    1000
    1001
    1035
    1027
    1037
     992
    1031
    1024
     963
     954
    1016
     964
    1054
    1003
     995
    1003
     960
     986
     961
    1022
     994
    1052
    1016
     956
    1001
     996
    1017
    1019
     909
     981
     965
    1047
     976
     944
     976
     956
     952
     944
     965
     969
     960
    1004
     913
     909
     896
     954
     954
     968
     963
     891
     891
     919
     982
     916
     919
     948
     920
     917
     911
     952
     901
     926
     857
     931
     923
     923
     855
     938
     917
     910
     941
     862
     880
     874
     931
     922
     928
     955
     922
     948
     903
     952
     878
     946
     918
     922
     865
     847
     845
     928
     889
     863
     868
     883
     903
     859
     875
     858
     851
     852
     822
     832
     858
     859
     877
     912
     889
     904
    1006
     988
    1056
    1050
     909
     884
     836
     801
     840
     869
     849
     783
     802
     850
     844
     842
     816
     858
     840
     852
     859
     885
     773
     859
     818
     810
     803
     830
     811
     803
     763
     785
     827
     807
     827
     812
     823
     829
     814
     866
     863
    1048
    1168
    1284
    1252
    1174
     987
     847
     809
     789
     776
     769
     778
     793
     746
     734
     728
     751
     750
     784
     772
     774
     799
     780
     717
     805
     785
     787
     773
     757
     734
     762
     731
     739
     705
     735
     785
     772
     698
     766
     705
     746
     765
     698
     758
     737
     673
     709
     702
     721
     701
     712
     749
     748
     688
     709
     689
     741
     733
     719
     737
     720
     726
     749
     737
     690
     712
     717
     705
     707
     679
     733
     739
     691
     679
     720
     671
     719
     722
     681
     678
     744
     692
     691
     675
     670
     705
     650
     699
     718
     689
     714
     657
     654
     678
     682
     658
     691
     663
     667
     661
     701
     677
     667
     693
     677
     682
     700
     665
     708
     671
     617
     675
     680
     682
     655
     682
     646
     651
     647
     658
     703
     702
     672
     632
     681
     628
     651
     668
     604
     654
     680
     625
     683
     609
     682
     662
     664
     653
     609
     597
     650
     644
     660
     629
     636
     637
     672
     637
     671
     649
     614
     671
     645
     692
     654
     611
     630
     640
     601
     661
     653
     632
     621
     634
     612
     637
     652
     636
     646
     647
     619
     631
     616
     641
     591
     633
     631
     600
     633
     624
     637
     652
     588
     606
     617
     588
     625
     611
     643
     644
     585
     655
     653
     646
     596
     575
     608
     556
     592
     593
     606
     575
     586
     626
     610
     580
     580
     587
     608
     607
     535
     595
     586
     590
     592
     596
     597
     562
     631
     589
     564
     575
     587
     623
     585
     562
     562
     611
     570
     550
     580
     601
     604
     552
     518
     597
     589
     579
     549
     588
     572
     549
     570
     529
     603
     578
     529
     595
     581
     557
     563
     545
     578
     554
     588
     528
     555
     528
     528
     563
     531
     574
     588
     586
     554
     590
     611
     615
     598
     582
     554
     593
     554
     598
     539
     589
     535
     525
     582
     547
     535
     533
     531
     531
     560
     583
     546
     559
     547
     565
     561
     502
     524
     578
     569
     558
     534
     534
     534
     563
     556
     526
     611
     496
     551
     529
     548
     493
     539
     561
     573
     567
     566
     549
     531
     564
     505
     508
     507
     542
     557
     574
     493
     497
     515
     530
     552
     531
     527
     523
     506
     538
     494
     539
     526
     563
     498
     516
     499
     518
     578
     593
     599
     605
     539
     514
     513
     526
     549
     512
     532
     529
     497
     491
     475
     496
     535
     466
     512
     503
     513
     486
     496
     517
     491
     471
     491
     510
     502
     493
     504
     526
     497
     507
     493
     501
     456
     457
     491
     498
     483
     475
     499
     456
     508
     489
     483
     506
     483
     487
     465
     480
     467
     473
     507
     481
     529
     489
     460
     488
     476
     470
     462
     465
     443
     505
     499
     494
     506
     480
     456
     492
     499
     501
     460
     462
     477
     500
     446
     466
     465
     462
     492
     492
     514
     483
     443
     472
     480
     447
     484
     450
     432
     486
     452
     470
     466
     483
     465
     453
     460
     433
     454
     480
     484
     469
     503
     476
     443
     453
     491
     485
     493
     452
     452
     459
     473
     441
     432
     464
     492
     445
     436
     425
     458
     516
     448
     480
     445
     464
     458
     464
     454
     458
     465
     468
     454
     472
     486
     470
     480
     480
     504
     555
     514
     562
     633
     656
     648
     659
     616
     586
     559
     494
     492
     483
     476
     484
     469
     453
     408
     430
     445
     404
     410
     458
     417
     443
     408
     419
     471
     463
     437
     442
     461
     419
     412
     439
     389
     425
     446
     449
     421
     414
     424
     415
     446
     440
     445
     431
     408
     380
     472
     451
     434
     417
     405
     386
     442
     434
     436
     417
     432
     411
     414
     435
     459
     436
     415
     433
     449
     411
     412
     429
     420
     401
     416
     432
     417
     410
     451
     446
     438
     495
     439
     428
     389
     410
     434
     389
     423
     430
     422
     410
     407
     431
     416
     431
     409
     410
     431
     390
     435
     411
     417
     405
     439
     407
     396
     429
     409
     424
     397
     401
     431
     421
     415
     443
     428
     424
     392
     418
     390
     431
     396
     450
     391
     393
     411
     383
     378
     391
     391
     397
     401
     391
     418
     397
     394
     420
     429
     452
     421
     374
     390
     430
     394
     411
     422
     402
     368
     393
     383
     413
     394
     395
     378
     388
     396
     374
     408
     412
     415
     396
     396
     401
     402
     404
     427
     383
     438
     383
     417
     412
     377
     427
     398
     416
     356
     393
     395
     385
     387
     393
     405
     382
     380
     369
     412
     352
     372
     436
     416
     386
     427
     423
     419
     406
     416
     401
     372
     396
     396
     398
     377
     389
     396
     396
     388
     385
     375
     385
     435
     387
     411
     418
     351
     372
     398
     387
     403
     413
     354
     389
     401
     458
     531
     684
     754
     801
     775
     706
     570
     540
     457
     414
     355
     406
     347
     393
     384
     361
     380
     388
     356
     394
     396
     369
     401
     396
     398
     373
     402
     381
     387
     366
     399
     340
     367
     392
     358
     402
     387
     415
     430
     366
     380
     397
     388
     382
     352
     373
     379
     375
     381
     348
     364
     335
     388
     373
     379
     352
     317
     386
     333
     400
     328
     419
     388
     374
     384
     371
     326
     371
     404
     376
     394
     388
     393
     385
     355
     387
     340
     377
     393
     430
     572
     661
     752
     756
     785
     765
     607
     478
     378
     347
     341
     356
     373
     365
     387
     318
     349
     383
     355
     325
     352
     359
     338
     342
     350
     366
     364
     374
     341
     310
     388
     327
     319
     361
     334
     330
     357
     373
     322
     313
     324
     371
     360
     362
     358
     358
     337
     367
     348
     339
     353
     353
     344
     325
     344
     360
     344
     349
     325
     358
     340
     342
     366
     334
     352
     373
     333
     362
     347
     340
     335
     352
     373
     377
     336
     355
     341
     309
     339
     312
     333
     342
     308
     305
     319
     335
     371
     353
     353
     367
     317
     316
     362
     357
     312
     350
     350
     359
     291
     333
     333
     322
     316
     344
     337
     372
     329
     350
     334
     324
     341
     330
     348
     330
     340
     313
     318
     367
     305
     341
     374
     350
     337
     302
     340
     352
     335
     318
     341
     329
     323
     314
     376
     344
     346
     359
     317
     346
     340
     361
     339
     319
     351
     330
     292
     332
     318
     367
     343
     334
     363
     339
     327
     319
     312
     367
     328
     371
     349
     350
     350
     325
     366
     369
     318
     317
     360
     322
     359
     324
     337
     348
     353
     363
     360
     355
     332
     330
     323
     324
     353
     303
     338
     305
     284
     348
     320
     329
     347
     295
     342
     352
     316
     349
     335
     315
     326
     307
     358
     310
     309
     351
     325
     347
     322
     329
     321
     320
     309
     341
     347
     335
     360
     332
     312
     323
     336
     311
     308
     328
     330
     325
     353
     322
     307
     302
     325
     332
     326
     345
     311
     291
     303
     315
     317
     316
     319
     329
     327
     337
     291
     320
     321
     307
     351
     322
     338
     313
     299
     349
     336
     300
     298
     318
     316
     323
     319
     329
     319
     321
     304
     297
     301
     332
     331
     329
     320
     340
     290
     289
     340
     354
     321
     324
     339
     315
     350
     328
     303
     291
     304
     332
     349
     319
     320
     332
     327
     303
     340
     302
     330
     308
     326
     328
     300
     330
     262
     315
     290
     303
     337
     326
     298
     305
     336
     310
     307
     326
     347
     323
     317
     313
     320
     339
     292
     318
     302
     325
     302
     300
     339
     285
     312
     328
     306
     280
     292
     287
     304
     297
     308
     304
     337
     329
     307
     321
     293
     309
     342
     297
     290
     291
     348
     309
     337
     317
     310
     302
     341
     288
     303
     318
     300
     284
     291
     309
     323
     303
     304
     365
     332
     340
     337
     332
     372
     396
     327
     336
     340
     307
     311
     302
     302
     315
     294
     297
     284
     297
     291
     327
     339
     285
     289
     295
     307
     332
     279
     313
     288
     309
     277
     325
     285
     310
     306
     293
     292
     291
     306
     311
     299
     284
     283
     275
     342
     284
     312
     292
     311
     292
     319
     344
     277
     334
     286
     302
     269
     296
     333
     333
     313
     324
     269
     288
     294
     278
     281
     287
     321
     303
     304
     284
     284
     307
     311
     297
     281
     318
     297
     298
     299
     295
     275
     292
     324
     330
     320
     296
     275
     307
     316
     316
     314
     315
     306
     328
     280
     305
     285
     286
     304
     262
     289
     278
     311
     288
     286
     280
     275
     303
     309
     291
     297
     269
     304
     315
     301
     260
     322
     309
     274
     322
     294
     308
     299
     272
     294
     350
     321
     343
     296
     337
     332
     277
     294
     305
     306
     295
     272
     289
     303
     311
     287
     340
     287
     314
     309
     321
     296
     289
     318
     296
     288
     298
     289
     278
     299
     272
     310
     291
     296
     284
     311
     290
     292
     291
     282
     257
     277
     285
     314
     296
     292
     322
     311
     297
     275
     296
     297
     269
     282
     305
     305
     297
     328
     293
     307
     273
     284
     331
     291
     306
     299
     306
     289
     283
     256
     265
     301
     276
     303
     285
     274
     290
     274
     303
     282
     321
     318
     311
     327
     363
     322
     320
     303
     303
     289
     298
     303
     291
     270
     289
     301
     305
     271
     290
     273
     266
     266
     269
     302
     273
     283
     310
     291
     293
     298
     297
     285
     318
     286
     278
     284
     273
     278
     326
     287
     320
     283
     295
     297
     261
     306
     260
     289
     299
     272
     284
     270
     264
     300
     275
     251
     277
     303
     295
     269
     317
     264
     284
     277
     276
     301
     266
     258
     268
     271
     241
     301
     271
     286
     290
     297
     296
     287
     300
     308
     295
     271
     274
     286
     317
     302
     308
     284
     304
     281
     299
     302
     276
     272
     261
     253
     269
     295
     289
     259
     276
     261
     255
     274
     284
     290
     242
     288
     279
     288
     267
     288
     294
     291
     278
     278
     281
     292
     277
     293
     295
     274
     279
     295
     281
     311
     299
     310
     337
     289
     279
     283
     271
     287
     270
     256
     261
     263
     283
     296
     279
     280
     292
     268
     304
     267
     285
     287
     286
     266
     256
     301
     282
     280
     267
     289
     290
     287
     273
     287
     277
     249
     251
     314
     290
     277
     248
     257
     285
     283
     303
     273
     249
     313
     264
     251
     283
     259
     284
     287
     270
     291
     277
     266
     281
     259
     269
     286
     256
     261
     283
     253
     262
     262
     266
     271
     257
     272
     289
     304
     277
     291
     304
     298
     333
     353
     281
     325
     308
     313
     283
     259
     285
     269
     302
     270
     258
     256
     258
     279
     278
     288
     261
     291
     285
     273
     318
     292
     280
     307
     288
     271
     290
     281
     261
     278
     308
     300
     274
     280
     285
     272
     292
     281
     269
     285
     298
     249
     276
     246
     262
     266
     288
     263
     298
     287
     286
     299
     285
     270
     262
     265
     286
     306
     275
     255
     261
     261
     272
     281
     287
     292
     275
     276
     284
     281
     283
     274
     283
     269
     273
     289
     288
     251
     307
     270
     268
     278
     289
     289
     275
     287
     287
     280
     294
     267
     294
     305
     287
     270
     297
     297
     293
     302
     280
     303
     307
     279
     305
     284
     301
     278
     287
     271
     282
     266
     293
     277
     295
     322
     271
     300
     332
     283
     285
     304
     254
     301
     295
     284
     289
     274
     288
     286
     306
     302
     272
     252
     285
     264
     313
     287
     273
     285
     250
     305
     271
     282
     270
     292
     291
     280
     296
     306
     311
     367
     414
     451
     528
     545
     559
     518
     462
     380
     339
     304
     255
     308
     248
     272
     306
     278
     284
     279
     252
     296
     283
     249
     289
     282
     281
     296
     260
     313
     275
     271
     259
     287
     295
     280
     287
     284
     297
     259
     266
     273
     271
     288
     270
     279
     268
     270
     270
     308
     292
     290
     303
     262
     261
     257
     261
     271
     278
     266
     288
     281
     266
     294
     294
     306
     283
     285
     285
     292
     289
     280
     271
     282
     319
     332
     310
     336
     297
     305
     272
     239
     305
     294
     261
     288
     284
     263
     283
     285
     286
     299
     303
     293
     266
     281
     286
     287
     278
     289
     298
     301
     257
     284
     278
     266
     271
     282
     252
     284
     283
     311
     282
     268
     276
     270
     268
     262
     289
     285
     320
     296
     321
     282
     296
     307
     313
     309
     281
     270
     279
     280
     333
     283
     241
     286
     269
     311
     273
     293
     282
     260
     251
     271
     297
     291
     301
     253
     267
     276
     285
     299
     269
     281
     284
     277
     275
     271
     268
     282
     275
     256
     269
     260
     270
     268
     309
     341
     330
     345
     314
     312
     267
     295
     258
     271
     254
     252
     304
     342
     372
     390
     377
     347
     400
     342
     298
     267
     271
     258
     239
     243
     230
     234
     274
     234
     241
     257
     249
     230
     234
     240
     244
     227
     270
     266
     245
     225
     254
     237
     252
     220
     210
     238
     247
     230
     257
     253
     262
     245
     244
     241
     239
     255
     229
     263
     248
     225
     218
     237
     219
     259
     225
     257
     235
     229
     237
     247
     234
     237
     248
     270
     223
     205
     226
     243
     220
     244
     232
     210
     228
     240
     253
     229
     244
     239
     215
     241
     253
     231
     212
     227
     228
     248
     219
     248
     242
     235
     212
     247
     232
     223
     218
     270
     240
     224
     232
     241
     240
     233
     258
     245
     217
     211
     253
     224
     242
     240
     235
     242
     217
     241
     230
     231
     222
     229
     244
     259
     211
     220
     215
     245
     209
     245
     198
     235
     224
     205
     235
     233
     220
     214
     215
     239
     260
     232
     197
     212
     236
     241
     232
     222
     235
     219
     223
     232
     229
     224
     232
     233
     259
     220
     213
     236
     216
     232
     220
     228
     216
     223
     212
     225
     224
     209
     228
     215
     191
     236
     198
     205
     242
     243
     217
     268
     232
     237
     211
     236
     216
     236
     237
     219
     220
     234
     195
     215
     212
     209
     218
     224
     227
     231
     181
     223
     218
     222
     219
     229
     217
     214
     229
     216
     197
     170
     217
     213
     213
     231
     227
     215
     226
     234
     238
     242
     231
     198
     227
     203
     233
     226
     213
     238
     233
     218
     229
     203
     209
     212
     234
     196
     219
     233
     230
     207
     216
     229
     189
     223
     202
     226
     209
     227
     194
     199
     209
     199
     209
     242
     206
     224
     214
     214
     212
     203
     205
     221
     227
     230
     213
     215
     225
     210
     211
     205
     202
     210
     231
     217
     198
     193
     218
     206
     246
     221
     219
     201
     242
     192
     229
     225
     225
     214
     233
     207
     203
     195
     201
     214
     206
     221
     231
     220
     240
     216
     211
     254
     211
     197
     220
     210
     236
     204
     207
     201
     221
     189
     188
     222
     218
     197
     216
     208
     235
     224
     219
     191
     209
     182
     201
     199
     191
     225
     183
     206
     210
     210
     225
     196
     234
     186
     205
     209
     215
     232
     211
     210
     250
     243
     225
     192
     217
     232
     213
     216
     204
     225
     183
     247
     199
     223
     209
     213
     217
     230
     212
     227
     213
     231
     197
     225
     221
     220
     220
     221
     223
     221
     223
     233
     228
     200
     231
     238
     209
     196
     196
     214
     216
     210
     195
     204
     208
     199
     240
     234
     218
     231
     214
     210
     205
     201
     199
     198
     228
     234
     205
     211
     235
     233
     206
     224
     222
     205
     222
     210
     214
     216
     238
     208
     207
     215
     213
     198
     235
     212
     215
     206
     236
     231
     205
     209
     214
     214
     203
     200
     191
     201
     224
     230
     219
     202
     209
     231
     192
     195
     231
     210
     219
     185
     223
     225
     220
     210
     212
     192
     230
     212
     215
     234
     233
     289
     279
     299
     256
     226
     209
     222
     210
     223
     193
     218
     226
     253
     289
     293
     296
     279
     309
     269
     229
     210
     189
     184
     190
     175
     162
     181
     190
     183
     176
     154
     183
     187
     193
     198
     174
     175
     157
     156
     155
     161
     163
     175
     183
     166
     174
     165
     156
     151
     166
     185
     153
     191
     171
     146
     177
     154
     188
     161
     159
     141
     150
     178
     174
     172
     181
     178
     166
     199
     152
     159
     149
     171
     165
     149
     191
     152
     167
     161
     162
     181
     172
     139
     163
     174
     182
     178
     166
     168
     171
     167
     168
     176
     165
     176
     175
     180
     173
     165
     158
     162
     156
     170
     169
     172
     184
     179
     152
     163
     166
     170
     183
     181
     159
     171
     153
     170
     145
     194
     180
     166
     174
     178
     178
     176
     161
     162
     150
     169
     180
     159
     159
     159
     140
     147
     173
     158
     151
     157
     160
     169
     171
     156
     156
     164
     167
     147
     161
     170
     169
     181
     155
     162
     159
     148
     172
     170
     182
     161
     188
     159
     181
     212
     154
     193
     207
     195
     282
     278
     361
     502
     785
    1291
    2002
    3013
    3882
    4812
    5080
    5042
    4495
    3449
    2324
    1524
     911
     515
     333
     196
     174
     119
      96
     118
     147
     131
     114
     138
     115
     140
     125
     123
     131
     116
     143
     131
     146
     115
     125
     123
     139
     136
     121
     139
     142
     100
     133
     108
     137
     124
     115
     127
     127
     124
     128
     122
     120
     115
     108
     100
     112
     147
     119
     127
     122
     139
     126
     111
     139
     128
     114
     143
     138
     113
     114
     122
     124
     117
     112
     118
     129
     111
     116
     119
     133
     105
     112
     107
     127
      92
      99
     140
     140
     118
     116
     123
     146
     105
     119
     123
     113
     124
     116
     118
     103
     129
     117
     129
     125
     115
     101
     108
     129
     107
     118
     105
     122
     110
     119
     125
      98
     130
     123
     130
     117
     127
     106
     103
     105
     106
      97
     132
     124
     116
     122
     105
     138
     129
     113
     116
     111
     115
     116
     119
     129
     115
     123
     114
     124
     109
     105
     116
     116
     114
     117
     132
     115
     126
     111
     112
     117
     135
     112
     100
     101
     118
     122
     111
     113
     115
     107
     104
     114
     122
     106
     111
     145
     127
     130
      87
     108
     105
     102
     102
     103
     124
     126
     112
     111
      86
     101
     109
     104
     111
     114
     113
     102
     147
     115
     116
     138
     116
     104
     129
     137
     143
     137
     143
     147
     153
     151
     138
     144
     128
     119
      98
      93
     126
     105
     102
     120
      96
      91
      89
     102
     104
     101
      96
     111
      98
     106
     110
      90
     107
      91
      82
      94
     101
      73
      96
      90
      96
      92
      90
      75
      89
      80
      87
      91
      81
      81
      80
      91
     104
      91
      69
      69
      91
      98
      86
      56
      79
      83
      86
      89
      92
      82
     110
      82
      84
      81
      87
      87
      73
      86
      87
      80
      76
      74
      91
      96
      76
      73
      78
      70
      79
      79
      70
      86
      78
      78
      95
      66
      80
      79
      74
      85
      83
      84
      78
      86
      69
      74
      97
      74
      70
      75
      69
      68
      78
      83
      85
      94
      91
      80
      80
      83
      91
      86
      87
      89
      89
      86
      87
      92
      76
      84
      70
      82
      71
      69
      70
      68
      95
      83
      79
      62
      84
      88
      92
      67
      83
      93
      76
      83
      96
      74
      85
      70
      71
      62
      75
      75
      67
      78
      86
      78
      74
      69
      72
      75
      61
      76
      83
      78
      80
      69
      69
      68
      51
      74
      59
      63
      72
      73
      89
      62
      70
      63
      66
      57
      69
      58
      74
      68
      71
      65
      64
      60
      73
      68
      67
      75
      57
      60
      62
      69
      70
      67
      79
      67
      68
      67
      59
      53
      62
      56
      66
      70
      69
      63
      62
      72
      51
      77
      68
      57
      74
      71
      57
      66
      73
      50
      63
      60
      65
      46
      70
      62
      61
      73
      70
      57
      70
      62
      63
      66
      60
      67
      55
      76
      56
      61
      55
      67
      73
      80
      64
      55
      72
      60
      54
      63
      71
      73
      55
      75
      65
      40
      64
      64
      65
      64
      71
      79
      55
      69
      79
      89
      63
      75
      71
      70
      67
      86
      59
      69
      80
      87
      88
      98
     106
      95
     100
     111
     122
     142
     166
     247
     307
     477
     871
    1331
    2039
    2872
    3859
    4311
    4603
    4630
    3978
    3175
    2305
    1465
     941
     504
     295
     143
      71
      50
      43
      48
      46
      34
      25
      42
      28
      36
      36
      33
      37
      48
      36
      45
      60
      30
      40
      37
      31
      35
      46
      34
      33
      44
      24
      36
      22
      32
      26
      30
      29
      33
      21
      32
      36
      38
      33
      29
      27
      27
      34
      34
      23
      36
      26
      30
      30
      30
      34
      31
      26
      35
      34
      26
      36
      33
      32
      26
      37
      38
      47
      37
      34
      30
      38
      31
      27
      25
      29
      20
      28
      20
      25
      32
      36
      24
      28
      29
      24
      35
      35
      27
      27
      21
      42
      35
      26
      28
      26
      25
      34
      39
      26
      22
      23
      30
      21
      34
      26
      36
      28
      30
      34
      36
      33
      27
      26
      35
      20
      30
      35
      21
      31
      30
      25
      31
      37
      23
      30
      25
      25
      41
      33
      34
      38
      46
      65
      57
      54
      59
      38
      38
      35
      29
      23
      28
      27
      29
      32
      29
      35
      20
      33
      19
      22
      28
      37
      31
      37
      28
      31
      28
      23
      37
      23
      29
      25
      18
      22
      33
      29
      30
      26
      25
      29
      45
      28
      28
      27
      30
      18
      24
      20
      35
      26
      24
      18
      27
      28
      28
      26
      26
      20
      31
      17
      31
      23
      31
      35
      16
      26
      29
      31
      27
      29
      22
      19
      32
      28
      38
      32
      42
      33
      33
      34
      33
      27
      25
      36
      31
      29
      18
      27
      34
      24
      30
      37
      64
      50
      47
      57
      51
      46
      31
      30
      26
      23
      21
      31
      31
      27
      18
      24
      27
      27
      14
      26
      31
      15
      22
      23
      18
      30
      19
      27
      36
      25
      23
      17
      26
      23
      18
      22
      23
      25
      24
      26
      23
      22
      21
      25
      27
      21
      22
      23
      22
      20
      18
      25
      18
      27
      17
      26
      20
      38
      23
      17
      26
      20
      20
      29
      25
      17
      24
      21
      10
      20
      23
      23
      25
      23
      21
      23
      21
      21
      23
      19
      19
      20
      23
      17
      22
      25
      28
      14
      20
      26
      17
      29
      20
      20
      19
      22
      22
      22
      24
      22
      23
      28
      17
      18
      19
      24
      33
      23
      15
      23
      12
      22
      25
      17
      21
      25
      26
      20
      17
      18
      29
      26
      37
      21
      20
      25
      26
      34
      14
      25
      28
      21
      34
      21
      29
      31
      24
      32
      32
      29
      27
      42
      39
      27
      38
      32
      45
      43
      40
      43
      56
      56
      54
      78
      99
     166
     233
     365
     589
     889
    1232
    1610
    2084
    2272
    2334
    2278
    1969
    1467
    1093
     775
     428
     271
     154
      85
      38
      17
       9
       8
      10
      11
      12
       5
       7
       4
       7
       6
      10
      14
       7
      12
       5
      17
      12
       7
      15
      15
       3
      10
       9
       8
       8
      14
      10
      14
       6
       9
       9
      13
       8
       9
      16
      10
      10
       8
       6
       4
       9
      10
       7
      12
       8
       9
       8
      12
      10
       6
      11
       5
       6
      12
       8
       9
      12
      10
      11
       9
      11
       6
      14
       7
       7
       6
       9
      10
      12
       6
       9
       7
       8
      13
      12
      11
      14
       9
       5
      10
       7
       8
       7
      13
      11
      10
       6
       9
      11
      17
       7
      15
      15
      14
      15
      15
      16
      17
      10
      13
      11
      10
       9
      10
      10
      10
      13
       7
      10
      19
      14
      19
      12
       8
      16
      16
       9
      14
       7
      13
       6
      14
      10
       7
      11
       8
      10
      12
       9
      13
      13
      12
      13
      16
      18
      22
      17
      27
      25
      15
      13
       9
      12
       8
      12
      14
      14
       9
      17
      12
       9
      11
       9
       5
      12
       7
       9
      12
       7
      10
      12
       4
       4
      13
      11
       7
       8
      12
      12
      10
       4
       9
      10
       7
      11
      11
       9
       8
       5
      11
       6
      14
       6
      14
       9
       5
      12
      10
       6
      12
      11
       8
      11
      10
      17
      12
      11
      13
       9
       5
      12
       7
       5
       8
       9
       7
      14
       6
      17
       6
       5
      13
      13
       7
      12
      16
       7
      11
      11
       9
      11
       9
      11
      19
       9
       7
      10
      17
      18
       6
       7
      11
       9
      11
       5
       8
       8
       7
       9
      17
       7
       4
      12
       7
      14
      10
      10
       8
       6
       8
       8
      19
       7
       7
      12
       7
       2
       5
       8
       7
       7
       7
      11
      10
       5
      11
      11
      12
      10
       8
       7
      10
      16
      12
       6
       5
       9
       5
       3
      10
      13
      14
       9
       9
      15
      15
       6
      11
       5
       4
      14
       5
       8
      12
      12
       9
       8
       5
       7
       9
       9
      10
      11
       5
       9
       8
      10
       8
      12
       6
       6
       9
      11
       5
       5
       5
      11
      13
      13
       6
      12
      12
      11
      10
       5
       9
       7
       9
       5
      12
       7
       8
       9
       7
      11
       3
      10
       9
       9
       5
       8
       7
       5
       7
       4
       4
      12
       4
       7
      14
      11
      10
      14
      12
       6
      15
      15
      10
       7
      19
      12
      16
       7
       7
      12
      16
      12
      10
       9
       7
       9
      14
      16
      13
      25
      29
      22
      23
      28
      30
      32
      18
      17
      11
      12
      15
      26
      23
      27
      27
      33
      36
      35
      30
      36
      16
      15
      17
      13
      12
       4
       9
      11
       9
      10
       8
       7
       4
      11
      10
       7
      11
       6
      10
      13
       6
      10
       9
      12
       5
      10
       8
      12
       5
       7
       7
       7
      10
      10
       4
       5
      10
       7
       9
       6
       9
      11
       7
      13
       9
       6
       5
       3
      14
      10
       4
       8
       5
       9
       9
       5
      11
       9
       7
       9
       2
      11
       9
       9
       8
       9
       8
       4
      10
      14
       2
       5
       4
      11
       6
      12
      14
       4
      11
      15
      23
      22
      23
      16
      14
      21
      13
      19
      17
      10
       9
       8
      13
       5
       9
      14
      12
      11
       8
      11
       4
       7
       6
      11
       9
       9
       9
      15
      16
      20
      15
      18
      22
      15
      16
      12
      17
      12
      15
       8
       5
       9
       5
      12
       8
       9
      12
       5
       7
      14
       8
       7
       6
      11
       8
      14
       8
      11
       6
       5
       4
      11
       8
      12
       9
       6
       1
       4
       5
       6
       5
       8
       6
       5
      13
       9
       6
       3
       6
       8
       7
       9
       3
       9
       8
       9
      10
       2
       5
       6
       6
       6
       2
       7
      11
       7
      10
      12
       7
       6
       3
      10
       6
       6
       2
      12
      16
       7
       5
       4
       7
       3
      13
       4
       6
       2
       8
       7
       7
       9
       6
       8
      12
      18
      12
       6
      13
      16
      13
       8
      10
      13
       8
       6
       4
       6
       6
       8
       3
       6
       8
       9
      12
       8
       5
       8
       9
       7
       7
       7
       5
       6
       6
       6
       4
       3
       2
      11
       3
       8
       8
       5
       8
       6
       3
       3
       4
       8
       3
       6
       9
       6
       6
      16
      10
       6
       2
      11
       6
       7
       6
      12
       4
       7
      11
       4
      11
      10
      12
       6
       4
       3
      11
       7
       6
       8
       9
      10
      11
       4
       6
       6
      11
      10
       5
       5
      10
      12
       2
       8
       9
       7
       7
       6
       9
       2
       8
       7
       7
       7
       7
      12
       9
       5
      12
      13
      12
      10
       7
      13
       8
      10
      16
       9
       5
       5
       7
       6
       6
      10
       6
       8
      12
       5
       8
      13
       3
       5
       6
       6
       5
       7
       6
       5
       7
       2
      10
       5
       4
       5
       7
       5
       6
       5
       3
       7
       8
       5
       9
      12
       4
       9
       5
       6
      10
       3
       8
       5
       4
       4
       4
       5
       6
       6
       6
       3
       5
       4
       8
      10
       8
       8
       9
       3
       6
      11
       3
       9
      13
       7
       4
       8
       2
       6
       5
       5
       6
       8
       7
      10
       4
       2
       7
       3
       9
       2
       6
       7
       9
       9
       6
       8
      11
       7
       3
       9
       9
       7
       8
       6
      12
      18
      16
      16
      19
      22
      21
      17
      17
      10
      12
      11
      10
       6
       4
       9
      11
       6
       3
       3
       8
       5
       4
       3
       5
       4
       4
       4
       3
      10
       5
       8
       5
       5
       3
       9
       7
       5
      10
       5
       5
       9
       9
       4
       5
       3
       8
       2
       4
       2
       4
       7
       1
       4
       6
       7
       3
       4
      10
       8
       7
       3
       1
       2
       7
      11
       2
       3
       7
      10
       7
       3
       9
       6
       8
       8
       8
       7
       4
       3
      10
       5
       4
       4
       5
       6
       6
       9
       2
       8
       8
       7
       9
       7
       7
       8
      10
       9
       2
       5
      10
       8
       9
      18
      17
      23
      32
      53
      50
      64
      79
      94
      94
      82
      70
      58
      45
      40
      17
      23
      15
      11
       8
       8
       9
       7
       5
       9
       6
       6
       8
       3
      10
       6
       5
       5
       4
       5
       8
       5
       6
       4
       3
       6
       4
       5
       7
      11
       4
       4
       3
       5
       4
       5
       5
       5
       2
       4
       4
       5
       6
       9
       3
       5
       6
       4
       5
       7
       6
       4
       7
       6
       1
       8
       8
       3
       5
       2
       8
       7
       5
       5
       4
       2
       5
       5
       5
       9
       3
       2
      10
       9
       6
      10
       8
       5
       5
       3
       3
       2
       6
      11
       7
       4
       1
       9
       6
       6
       8
       6
       6
       5
       2
       5
       2
       4
       8
       5
       6
       6
       5
       7
       5
       4
       6
       8
       4
       6
       5
       4
       5
       4
       6
       7
       7
       5
       5
       5
       6
       3
       7
       8
       8
       4
       6
       2
       3
       7
       9
       7
       8
       6
       5
       4
       4
       5
       3
      11
       5
       7
       7
       2
       0
       6
       6
       2
       4
       9
       6
       6
       6
       4
       9
       1
       7
       5
      10
       7
       6
       6
       5
       6
       4
       8
       3
       9
       2
       7
       5
       4
       5
       4
       8
       5
      10
       8
       5
       2
       6
       9
       2
      11
       8
       5
       8
       5
       4
       3
       5
       5
       7
       3
       6
       7
      11
       3
       4
       6
       5
       6
       5
       5
       9
       3
       6
       3
       5
       4
       6
       4
       4
       4
       5
       4
      10
      13
       8
       4
       5
       3
       8
       8
       2
      12
       2
      11
       1
       7
       3
       3
       6
       6
       5
       5
       8
      12
       5
       6
       5
      10
      10
      13
      16
      17
      15
      16
      19
      17
      14
      10
       6
       6
      10
       6
       6
       5
       9
       9
       8
       8
       9
       4
       9
       3
       8
       9
       5
       6
       6
       5
       5
       2
       3
       0
       5
       6
       2
       6
       6
       5
       8
       7
       2
       2
       1
       9
       2
       2
       9
       4
       7
      11
       8
       5
      10
       2
       1
       4
      10
       8
       8
       8
       4
      11
       3
       3
       9
       8
       8
       6
       3
       9
       3
       3
       4
       8
       6
       8
       7
       9
       2
       1
       5
       2
       6
       8
       4
       6
       6
       6
       3
       7
       9
       1
       8
       2
       3
       9
       9
      14
      10
       7
       5
       2
       4
       7
       4
      10
       7
       2
       6
       4
       4
       3
       5
      12
       5
       8
       5
       2
       4
       3
       7
       5
       8
       8
       4
       5
       7
       5
       9
       3
       9
       4
       6
       7
       6
      10
       8
      11
       6
       6
       8
       9
       5
       6
       6
       6
       9
       3
       5
       7
      12
       6
      11
       6
       9
       6
       5
       8
       6
       4
       4
      11
       4
       2
       4
       6
       7
       8
       8
       6
       5
       7
       7
       7
       7
       4
       6
       8
       5
       7
       6
       6
       3
       2
       8
       7
       6
       6
       3
       3
       9
      11
       4
       3
       5
       7
       6
       8
       6
       5
       3
       2
       4
       6
       8
       8
       6
      10
       5
       3
       6
      11
       6
       7
       4
       4
       4
       2
       1
       3
       5
       4
       6
       6
       2
      10
       7
       8
       6
       2
       3
       9
       3
       2
      11
       7
       4
       3
       7
       7
       7
       7
       4
       6
       1
       6
       7
       4
       7
       6
       4
       5
       5
       6
       4
       8
       4
      11
       4
       6
       9
       7
       8
       6
       6
       8
       6
      10
       3
       7
       6
       9
       8
       6
       6
       5
       5
      10
       7
       7
       7
       6
       6
       7
       4
       5
       5
       3
       9
       8
       7
       5
       6
       4
       6
       8
       3
       2
       7
       4
       5
       8
       2
       4
       5
       8
       5
       9
       4
       4
       5
       7
       5
       7
       4
      10
       4
       4
       8
       8
       2
       4
       3
       7
       7
       5
       9
       5
       7
       6
       5
      15
       7
       5
       4
       6
       7
       4
       7
       6
       5
       3
       4
       5
       7
       2
       6
       6
       9
      10
       6
       6
       5
       6
       9
       6
       4
       5
       4
       8
       5
       5
       4
       4
       6
       2
       7
       1
       4
       7
       5
       2
       2
       3
       6
       5
       5
       9
       6
       4
       7
       8
       6
       4
       6
       5
       5
       4
       7
       3
       6
       7
       9
       4
       6
       5
       8
       7
       5
       2
       6
       6
       0
       5
       3
       5
       6
       9
       3
       5
       8
       4
       7
       8
       4
       6
      10
       4
       3
       3
       7
       4
       4
       4
       8
       4
       6
       9
       4
       3
       3
       4
       4
       2
       4
       4
       4
       4
       1
       8
       5
       2
       5
       5
       4
       3
       3
       3
       5
       4
       2
       6
       4
       5
       4
       3
       9
       9
       4
       6
       4
       4
       8
       9
       3
      11
       4
       5
       5
       6
       4
       3
       8
       9
       7
       5
       9
       6
       6
       5
       6
       3
       4
       3
       8
       7
       3
       3
       5
       7
       6
       7
      12
       7
       8
       7
       4
       1
       5
       9
       2
       4
       5
       4
       4
      10
       3
       7
       3
       6
       8
       2
       3
       6
       4
       1
       5
       8
       4
       4
       3
       6
       5
       9
       4
       5
       5
       6
       1
       3
       2
       4
       4
       5
       5
       3
       4
       3
       5
      11
       4
       5
       7
       4
       6
       5
       4
       2
       5
       1
       4
       4
       8
       6
       8
       7
       7
       4
       7
       3
       3
       3
       5
       8
       3
       6
       7
       4
       3
       3
       1
       5
       4
       5
       5
       6
       5
       6
       3
       6
       3
      11
       2
       3
       6
       5
       8
       3
       6
       1
       6
       4
       5
       4
       3
       4
       4
       5
       3
       8
       6
       5
       9
       2
       3
       3
       4
       8
       2
       5
       2
       2
       6
       3
       7
       4
       4
       3
       7
       7
       5
       5
       7
       3
       3
       8
       6
       4
       8
       2
       6
       6
       5
       6
       3
       7
       5
       3
       4
       7
       6
       6
       7
       9
       4
      10
       6
       8
       1
       1
       5
       2
       5
       6
      10
       7
       1
       4
       3
       4
       6
       5
       1
       4
       3
       2
       6
       7
       4
       5
       3
       4
       3
       5
       4
       4
       9
      14
       6
       5
       2
       4
       3
       6
       6
       6
       6
       2
       5
       2
       6
       4
       4
       3
       6
       1
       4
       7
       3
       5
       2
       6
       6
       2
       2
       4
       6
       6
       5
       2
       4
       8
       6
       7
       3
       5
       6
       7
       7
       2
       3
       4
       3
       3
       5
       5
       6
       8
       4
       7
       5
       6
       5
      11
       5
       6
       5
       7
       4
       3
       5
       5
       8
       5
       3
       1
       5
       5
       3
       4
       5
       6
       5
       6
       9
       2
       7
       8
       4
       2
       7
       4
       3
       4
       4
       3
       3
       6
       7
       5
       8
       5
       4
      12
       6
      12
       8
       4
      14
      10
      21
      14
      25
      19
      17
      28
      29
      24
      23
      19
      19
      21
      20
      10
       9
      20
      12
       9
       8
       7
      11
       5
      12
       4
       8
       7
      13
       7
       8
       7
       5
       7
       7
       2
      10
       8
       5
       5
       9
       3
       4
      12
       7
       4
       4
       4
       9
       6
       6
       9
       4
      11
       8
      13
      10
       9
       6
       7
       6
       9
       7
       6
       6
       5
       8
       5
       4
       4
       5
       6
       2
       8
       4
       4
       3
       3
       7
       4
       1
       8
       3
       6
       8
       7
       6
       2
       8
       5
       6
       4
       3
       2
       4
       4
       8
       4
       3
       5
       4
       4
       7
       7
       5
       6
       8
       6
       4
       3
       3
       5
       3
       3
       7
       5
       4
       7
       5
       5
       3
       3
       5
       4
       6
       6
       6
       4
       5
       3
       4
       7
       5
       7
       8
       5
       2
       3
       4
       3
      10
       6
       6
       3
       6
       3
       6
       5
       3
       6
       1
       2
       7
       8
       5
       4
       3
       3
       8
       6
       8
       1
       8
       5
       5
       5
       6
       3
       5
       6
       5
       2
       7
       6
       3
       4
       8
       6
      10
       3
       8
       9
      10
       5
       4
       5
       5
       4
       4
       7
       2
       2
       5
       5
       7
       5
       6
       5
       3
       7
       5
       4
       2
      10
       3
       1
       6
       6
       9
       5
       5
       5
       3
       9
       3
       4
       4
       8
       5
       7
       3
       3
       5
       3
       6
       4
       7
       6
       8
       3
       4
       6
       3
       7
       2
       8
       6
       5
       5
       9
       2
       1
       7
       3
       2
      10
       4
       4
       4
       6
       1
       5
       6
       4
       6
       6
       8
       5
       3
       8
       6
       7
       3
       3
       5
       8
       7
       7
       6
       3
       8
       5
       2
       7
       7
       5
       5
       7
       7
       2
       2
       6
       7
       1
       5
       4
       5
       4
       5
       8
       4
       4
       9
       3
      10
       8
       6
       8
       5
       9
       5
       6
       4
       5
       9
       6
       4
       3
       6
      11
      19
      25
      23
      23
      19
      19
      35
      28
      19
      18
      18
      13
       9
       7
       4
       5
       2
       6
       6
       3
       6
       9
       6
      10
       5
       4
       4
       6
       5
       4
       4
       3
       3
       6
       5
       4
       2
       5
       5
       5
       5
       5
       2
       4
       5
       8
       4
       4
       9
       3
       3
       3
       4
       4
       5
       6
      10
       6
       4
       2
       6
       3
       7
       7
       4
       9
       3
       4
       6
       5
       4
       6
       2
       4
       6
       4
       5
       5
       1
       8
       6
       7
       5
       4
       7
       8
       4
       5
       2
       7
       5
       4
       2
       6
       7
       4
       5
       2
       7
       6
       7
       3
       4
       2
       6
       4
       8
       1
       4
       7
       6
       7
       8
       3
       5
       7
       6
       5
       4
       2
       5
       5
       7
       5
       5
       7
       3
       2
       6
       3
       7
       4
       0
       4
       4
       7
       1
       4
       7
       4
       4
       8
       4
       3
       3
       3
       3
       5
      10
       4
       3
       8
       7
       5
       7
      10
       4
       5
       5
       5
       7
       3
       6
       3
       4
       7
       8
       4
       3
       6
       4
       6
       9
      13
       1
       7
       7
      10
       5
       3
       9
       6
       3
       4
       0
       1
       1
       5
      11
       4
       4
       3
       5
      10
       9
       6
       6
       7
       7
       6
       3
       2
       5
       9
       6
       4
       3
       5
       1
       6
       8
       3
       6
       7
       2
       8
       8
       2
       5
       3
       4
       4
       8
       3
       9
       8
       5
       8
       8
       9
       4
       9
       2
       7
       7
       9
       2
       4
       4
       5
       7
       5
       5
       5
       6
       4
       6
       5
       2
       5
       3
       3
       7
       3
       9
       5
       6
       9
       4
       8
       5
       5
       8
       6
       6
      10
       9
       3
       4
       6
       2
       6
      12
       2
       7
       3
       8
       8
       9
      11
      10
       3
       8
       5
       4
       4
      14
       6
       6
       6
       6
       8
       1
       7
       9
       7
      10
       3
       5
       3
       5
       5
       6
       5
       3
       7
       5
      11
       1
       4
       4
       5
       5
      12
       3
       5
       6
       9
       2
       9
       6
       4
       5
       9
       9
       6
       4
       8
       6
       5
       3
       4
       6
       5
       4
       6
       3
       4
       4
       4
       9
       4
       4
      10
       0
       3
       5
       3
       4
       1
       5
       4
       5
       5
       6
       7
       8
      12
       8
       7
       7
       9
       4
       8
       7
       4
       5
      10
       3
       8
       2
       9
       2
       3
      12
       7
       2
      10
       6
       9
       3
       4
       7
       4
       5
       4
       7
       6
       6
       9
       9
      16
       7
       7
       7
       5
       4
       7
       6
      12
       7
      10
      10
       3
       4
       6
       7
       7
       5
       9
       8
       7
       5
       3
       3
       9
       2
      13
       4
       7
       4
       7
       7
       6
       7
      10
       8
       5
       9
       4
       4
       3
       9
       7
       8
       4
       7
       3
       6
       7
       6
       9
       7
       8
       7
       4
       5
       5
       8
       8
      10
       8
       5
       4
       8
       4
       6
       3
       5
       8
       4
       5
       8
       7
       7
       4
       6
       7
       5
       2
       5
       6
       6
       6
       8
       9
       4
       5
      10
       4
       9
       2
      11
       6
       8
      16
       5
       8
       7
      10
       8
      10
       8
       6
       9
       8
       7
       8
      11
      16
       8
       1
       5
       5
       7
       4
      12
      10
       8
       7
       9
      11
       7
       2
       4
       9
       2
       6
      10
       7
       4
       2
       6
       6
       7
       5
      12
       8
       3
       3
       5
       3
      11
      11
       4
       5
      11
      10
       8
       4
      10
       9
       6
       5
       4
       5
       6
       6
       5
       3
       9
       4
       8
       6
       9
       3
       1
       6
       3
       7
       5
       7
       8
       3
       9
       2
       3
       5
       3
       6
       5
       3
       4
       6
       8
       8
       2
       7
       4
       4
       4
       4
       1
       5
       7
       6
       4
       3
       2
       5
       3
       5
       5
       4
       2
       6
       3
       6
       5
       3
       1
       2
       5
       3
       4
       4
       3
       5
       1
       4
       7
       1
       3
       3
       5
       4
       2
       4
       4
       5
       3
       5
       5
       3
       7
       2
       4
       6
       7
       6
       3
       0
       2
       3
       6
       7
       3
       3
       2
       4
       3
       5
       2
       5
       6
       3
       3
       5
       1
       9
       1
       5
       5
       2
       4
       4
       5
       4
       5
       4
       4
       4
       2
       9
       7
       2
       3
       5
       5
       2
       9
       6
       1
       2
       4
       4
       4
       3
       5
       6
       5
       4
       4
       3
       3
       0
       2
       3
       5
       3
       2
       4
       3
       6
       2
       7
       3
       3
       3
       1
       7
       5
       1
       0
       5
       0
       4
       3
       7
       5
       6
       3
       2
       5
       5
       6
       4
       4
       2
       9
       4
       2
       6
       3
       3
       5
       2
       3
       5
       3
       2
       7
       5
       1
       2
       1
       1
       1
       4
       6
       3
       6
       3
       7
       4
       5
       5
       8
       7
       7
      11
      17
       6
      15
      11
       6
       7
       6
       6
       6
       7
       1
       6
       6
       2
       2
       3
       2
       4
       1
       6
       4
       5
       5
       4
       2
       5
       4
       2
       2
       3
       3
       3
       2
       2
       1
       1
       2
       5
       0
       3
       2
       0
       4
       1
       0
       3
       2
       2
       1
       6
       6
       2
       7
       2
       3
       2
       2
       4
       4
       3
       3
       3
       3
       4
       3
       2
       7
       3
       7
       2
       2
       1
       4
       4
       0
       2
       5
       1
       2
       1
       1
       2
       1
       2
       2
       2
       3
       5
       1
       2
       3
       6
       3
       2
       2
       3
       3
       2
       1
       3
       6
       3
       1
       3
       2
       2
       2
       5
       2
       2
       4
       4
       4
       5
       2
       0
       2
       4
       2
       4
       1
       2
       1
       2
       0
       3
       3
       5
       1
       1
       4
       2
       2
       5
       4
       2
       3
       1
       1
       3
       3
       2
       0
       3
       4
       0
       5
       3
       0
       2
       3
       1
       1
       4
       1
       4
       0
       1
       2
       0
       2
       2
       1
       2
       5
       2
       4
       3
       4
       6
       0
       2
       4
       4
       1
       2
       5
       2
       5
       3
       1
       1
       1
       2
       3
       4
       3
       2
       1
       1
       0
       1
       1
       4
       1
       2
       1
       0
       0
       4
       1
       2
       1
       0
       3
       1
       1
       0
       1
       2
       1
       3
       0
       2
       2
       2
       0
       6
       1
       1
       1
       1
       3
       2
       1
       0
       1
       2
       5
       2
       1
       0
       2
       3
       2
       2
       3
       2
       3
       1
       0
       4
       2
       1
       0
       2
       0
       3
       0
       1
       1
       3
       1
       3
       0
       3
       0
       2
       1
       0
       1
       1
       2
       0
       1
       1
       1
       1
       3
       0
       1
       2
       1
       0
       0
       2
       2
       3
       2
       0
       3
       2
       0
       0
       0
       2
       0
       1
       0
       1
       1
       1
       0
       0
       1
       1
       1
       2
       3
       2
       1
       1
       2
       3
       2
       0
       2
       0
       1
       2
       0
       1
       1
       2
       0
       0
       1
       1
       2
       2
       2
       1
       2
       0
       1
       2
       0
       0
       1
       3
       1
       1
       0
       0
       3
       0
       1
       2
       4
       0
       0
       0
       0
       0
       0
       1
       2
       1
       0
       0
       1
       2
       2
       2
       2
       3
       0
       0
       2
       1
       0
       3
       2
       1
       2
       0
       0
       1
       2
       1
       4
       1
       1
       0
       1
       1
       2
       0
       2
       2
       1
       1
       2
       0
       2
       0
       3
       1
       1
       1
       0
       0
       1
       0
       0
       0
       3
       1
       2
       2
       0
       1
       0
       1
       3
       1
       1
       2
       2
       3
       0
       2
       1
       0
       2
       1
       0
       1
       0
       3
       1
       1
       1
       0
       1
       1
       2
       1
       1
       1
       2
       2
       1
       1
       0
       1
       1
       0
       1
       1
       3
       1
       2
       0
       1
       0
       2
       3
       2
       1
       1
       2
       1
       1
       3
       1
       0
       1
       2
       0
       2
       1
       1
       2
       3
       4
       3
       3
       0
       1
       0
       1
       2
       3
       2
       0
       1
       4
       2
       1
       2
       2
       3
       3
       3
       2
       3
       4
       3
       1
       3
      10
       3
       7
       7
      13
      10
      14
      21
      23
      26
      45
      57
      73
      90
      88
     126
     168
     150
     177
     175
     175
     168
     160
     117
     120
      75
      52
      42
      27
      20
      14
       7
       3
       2
       5
       0
       0
       1
       0
       0
       0
       0
       0
       0
       0
       0
       0
       0
       0
       0
       0
       0
       1
       0
       0
       0
       0
       1
       0
       0
       0
       0
       0
       0
       0
       0
       1
       1
       0
       1
       0
       0
       0
       0
       0
       0
       1
       0
       1
       0
       0
       1
       0
       1
       0
       0
       1
       0
       0
       0
       0
       1
       0
       0
       0
       0
       0
       0
       0
       0
       0
       0
       0
       0
       0
       1
       2
       0
       0
       0
       0
       0
       0
       0
       0
       0
       0
       0
       0
       0
       0
       0
       1
       0
       0
       0
       0
       0
       0
       0
       0
       0
       0
       0
       0
       0
       0
       0
       0
       0
       0
       0
       0
       0
       0
       0
       0
       0
       1
       0
       0
       0
       0
       0
       0
       0
       0
       0
       0
       0
       0
       0
       0
       1
       0
       0
       0
       0
       0
       0
       0
       0
       0
       0
       0
       1
       1
       0
       0
       0
       0
       0
       1
       0
       1
       0
       0
       0
       0
       0
       0
       0
       0
       0
       0
       0
       0
       0
       0
       0
       0
       0
       1
       0
       0
       0
       0
       0
       0
       0
       0
       0
       0
       0
       0
       0
       0
$ROI:
21
40 62
720 738
894 912
1027 1041
1066 1084
1408 1422
1551 1569
1772 1792
1852 1874
2776 2796
2937 2974
3404 3416
3571 3601
4057 4091
4449 4483
5054 5064
5612 5624
5735 5749
6313 6331
6915 6927
7975 8011
$PRESETS:
None
0
0
$ENER_FIT:
0.202003 0.327105
$MCA_CAL:
3
2.020034E-001 3.271048E-001 0.000000E+000
$SHAPE_CAL:
3
0.000000E+000 0.000000E+000 0.000000E+000
