$SPEC_ID:
No sample description was entered.
$SPEC_REM:
DET# 1
DETDESC# DS50-19098140 MCB 1
AP# GammaVision Version 6.08
$DATE_MEA:
07/21/2020 15:01:24
$MEAS_TIM:
1800 1857
$DATA:
0 8191
       0
       0
       0
       0
       0
       0
       0
       0
       0
       0
       0
       0
       0
       0
       0
       0
       0
       0
       0
       0
       0
       0
       0
       0
       0
       0
       0
       0
       0
       0
       0
       0
       0
       0
       0
       0
       0
       0
       0
       0
       0
       0
       0
       0
       0
       0
       0
       0
       0
       4
    2366
    2401
    2367
    2319
    2339
    2350
    2352
    2304
    2322
    2285
    2379
    2301
    2325
    2274
    2237
    2208
    2164
    2250
    2217
    2327
    2279
    2235
    2249
    2145
    2175
    2122
    2189
    2155
    2223
    2197
    2189
    2106
    2163
    2221
    2072
    2103
    2160
    2152
    2064
    2142
    2142
    2069
    2103
    2122
    2172
    2034
    2067
    2184
    2004
    2137
    2055
    2144
    1926
    2121
    2117
    2064
    2006
    2008
    2011
    1939
    2017
    2014
    2014
    2016
    1895
    1897
    1975
    1938
    1894
    1887
    1926
    1974
    1932
    1931
    1877
    1985
    1853
    1827
    1816
    1860
    1817
    1791
    1804
    1797
    1767
    1747
    1802
    1715
    1630
    1676
    1676
    1620
    1697
    1589
    1611
    1511
    1556
    1537
    1588
    1480
    1503
    1416
    1470
    1414
    1351
    1379
    1427
    1325
    1334
    1352
    1257
    1327
    1273
    1227
    1168
    1166
    1115
    1167
    1094
    1073
    1092
    1084
    1053
    1025
     979
    1006
    1000
     998
     941
     907
     919
     896
     863
     847
     839
     888
     809
     848
     770
     740
     743
     739
     732
     734
     715
     671
     696
     719
     672
     665
     693
     608
     658
     655
     667
     609
     614
     624
     575
     590
     617
     621
     574
     602
     626
     575
     638
     607
     582
     565
     586
     567
     583
     568
     516
     570
     588
     557
     577
     554
     508
     548
     558
     576
     521
     547
     535
     452
     510
     505
     505
     539
     527
     509
     594
     532
     522
     510
     545
     537
     535
     518
     517
     556
     551
     520
     534
     543
     526
     506
     500
     525
     486
     496
     533
     517
     509
     517
     481
     496
     502
     510
     538
     500
     519
     517
     507
     505
     502
     516
     518
     531
     555
     522
     530
     507
     549
     515
     546
     487
     512
     528
     502
     510
     566
     498
     509
     571
     570
     557
     502
     527
     540
     528
     539
     538
     493
     548
     562
     517
     527
     554
     552
     565
     556
     652
     591
     611
     575
     645
     599
     637
     635
     574
     617
     616
     570
     622
     653
     622
     701
     708
     755
     759
     751
     764
     719
     655
     619
     619
     619
     625
     585
     624
     652
     632
     603
     580
     648
     620
     644
     656
     658
     690
     650
     722
     676
     710
     722
     667
     691
     687
     651
     744
     721
     640
     749
     726
     741
     760
     773
     828
     848
     836
     871
     960
     983
     927
     949
     881
     842
     829
     854
     813
     881
     812
     850
     859
     921
     887
     887
     872
     839
     834
     807
     833
     796
     838
     843
     803
     865
     863
     878
     926
     885
     885
     839
     929
     878
     943
     930
     895
     909
     867
     956
     928
     915
     950
     952
     990
     958
     965
     939
     994
    1028
    1012
    1027
     979
    1039
    1038
     997
    1056
    1082
    1047
    1049
    1078
    1077
    1031
    1110
    1125
    1101
    1126
    1094
    1154
    1117
    1150
    1259
    1434
    1774
    2244
    2841
    3466
    3736
    3761
    3285
    2581
    1925
    1416
    1278
    1060
    1031
    1019
     988
     996
     957
     990
     960
    1004
    1025
    1006
    1052
    1005
    1031
    1029
     996
    1023
    1072
    1085
    1021
    1010
    1034
    1019
    1010
    1065
    1022
    1063
    1044
    1077
    1070
    1142
    1126
    1180
    1222
    1300
    1198
    1100
    1190
    1173
    1079
    1104
    1122
    1066
    1071
    1125
    1078
    1087
    1083
    1123
    1105
    1162
    1051
    1129
    1108
    1137
    1149
    1073
    1141
    1096
    1118
    1147
    1192
    1111
    1159
    1131
    1206
    1096
    1142
    1148
    1236
    1168
    1151
    1167
    1159
    1196
    1197
    1131
    1183
    1162
    1133
    1139
    1284
    1164
    1185
    1199
    1193
    1205
    1181
    1241
    1264
    1241
    1201
    1235
    1198
    1272
    1276
    1218
    1217
    1217
    1223
    1313
    1180
    1318
    1289
    1261
    1276
    1264
    1244
    1251
    1273
    1246
    1300
    1264
    1242
    1338
    1239
    1339
    1256
    1313
    1364
    1285
    1302
    1333
    1264
    1304
    1337
    1328
    1336
    1344
    1310
    1360
    1376
    1330
    1278
    1309
    1337
    1390
    1358
    1392
    1337
    1364
    1392
    1378
    1389
    1399
    1362
    1421
    1386
    1373
    1367
    1371
    1376
    1347
    1430
    1371
    1376
    1344
    1433
    1439
    1388
    1473
    1425
    1419
    1452
    1389
    1454
    1452
    1494
    1499
    1411
    1466
    1505
    1488
    1468
    1489
    1520
    1464
    1469
    1513
    1518
    1503
    1526
    1613
    1571
    1558
    1522
    1594
    1570
    1565
    1610
    1659
    1595
    1623
    1584
    1735
    1674
    1717
    1757
    1774
    1783
    1753
    1768
    1683
    1761
    1766
    1732
    1770
    1647
    1695
    1798
    1745
    1717
    1704
    1735
    1719
    1700
    1738
    1708
    1697
    1748
    1692
    1640
    1652
    1677
    1687
    1712
    1705
    1652
    1621
    1719
    1599
    1704
    1733
    1647
    1607
    1699
    1633
    1694
    1676
    1696
    1689
    1671
    1640
    1632
    1612
    1691
    1607
    1620
    1652
    1662
    1548
    1600
    1654
    1601
    1687
    1623
    1620
    1655
    1566
    1629
    1566
    1588
    1579
    1598
    1551
    1593
    1572
    1563
    1553
    1555
    1515
    1599
    1652
    1574
    1579
    1527
    1544
    1558
    1567
    1597
    1553
    1485
    1542
    1491
    1468
    1518
    1521
    1504
    1539
    1544
    1473
    1504
    1516
    1483
    1463
    1468
    1520
    1483
    1450
    1439
    1529
    1485
    1421
    1507
    1484
    1492
    1545
    1400
    1475
    1582
    1445
    1499
    1415
    1437
    1513
    1434
    1423
    1471
    1476
    1419
    1470
    1490
    1426
    1430
    1397
    1449
    1460
    1481
    1412
    1478
    1364
    1448
    1403
    1399
    1355
    1456
    1408
    1461
    1437
    1546
    1494
    1436
    1544
    1485
    1436
    1425
    1333
    1495
    1359
    1348
    1451
    1357
    1388
    1404
    1394
    1400
    1365
    1367
    1345
    1379
    1315
    1358
    1360
    1334
    1390
    1351
    1346
    1371
    1340
    1405
    1300
    1315
    1348
    1259
    1335
    1307
    1248
    1359
    1341
    1298
    1281
    1337
    1254
    1310
    1301
    1365
    1322
    1271
    1328
    1299
    1299
    1299
    1283
    1335
    1324
    1290
    1321
    1258
    1360
    1287
    1269
    1297
    1322
    1253
    1271
    1222
    1269
    1198
    1336
    1281
    1256
    1332
    1332
    1348
    1272
    1293
    1341
    1298
    1300
    1232
    1261
    1241
    1219
    1214
    1208
    1227
    1216
    1242
    1230
    1215
    1207
    1209
    1186
    1220
    1257
    1235
    1223
    1213
    1203
    1231
    1249
    1202
    1149
    1235
    1273
    1243
    1253
    1194
    1174
    1202
    1169
    1186
    1203
    1242
    1246
    1154
    1173
    1197
    1169
    1265
    1191
    1184
    1176
    1227
    1217
    1190
    1144
    1145
    1172
    1196
    1241
    1129
    1214
    1148
    1190
    1191
    1133
    1143
    1133
    1176
    1162
    1154
    1087
    1120
    1118
    1113
    1179
    1151
    1166
    1160
    1179
    1158
    1118
    1145
    1172
    1096
    1125
    1149
    1132
    1118
    1155
    1133
    1159
    1185
    1180
    1158
    1158
    1137
    1088
    1092
    1223
    1176
    1138
    1149
    1150
    1105
    1195
    1107
    1142
    1113
    1085
    1065
    1098
    1078
    1102
    1115
    1144
    1138
    1113
    1087
    1173
    1099
    1118
    1106
    1137
    1116
    1117
    1104
    1179
    1115
    1092
    1120
    1133
    1065
    1151
    1058
    1118
    1116
    1080
    1141
    1114
    1139
    1071
    1181
    1097
    1078
    1108
    1096
    1108
    1058
    1113
    1107
    1093
    1050
    1056
    1109
    1061
    1078
    1103
    1044
    1115
    1061
    1070
    1057
    1063
    1083
    1045
    1102
    1072
    1086
    1060
    1035
    1062
    1074
    1092
    1084
    1078
    1113
    1104
    1106
    1075
    1115
    1023
    1018
    1051
    1042
    1019
    1086
    1062
    1091
    1105
    1039
    1080
    1140
    1050
    1011
    1085
    1056
    1030
    1108
    1045
    1094
    1064
    1078
    1090
    1053
    1097
    1059
    1024
    1047
    1077
    1022
    1042
    1075
    1055
    1067
    1041
    1060
    1062
    1075
    1055
    1042
    1051
    1027
    1017
     983
    1026
     999
     996
    1088
    1051
    1019
    1110
    1055
    1058
    1063
    1058
    1066
     955
    1057
     999
    1066
    1072
    1024
    1060
    1025
    1049
    1090
    1061
    1081
    1010
     997
    1000
    1042
     985
    1062
    1093
    1053
    1059
    1001
    1081
    1002
    1014
    1009
    1023
    1059
    1050
    1013
    1047
    1036
    1008
    1019
    1077
    1081
    1027
    1009
    1013
    1060
    1055
    1051
    1004
    1012
    1025
    1018
    1030
     961
     993
    1008
    1012
     978
     995
    1061
    1047
    1025
    1010
    1003
    1014
    1021
    1059
    1073
    1010
    1041
    1012
    1062
     976
    1037
    1018
    1031
    1015
    1029
    1066
    1016
     979
     971
    1006
    1009
    1014
     993
     980
    1007
    1058
    1005
    1018
    1005
     975
    1062
    1037
    1083
    1064
    1013
    1048
     999
     998
    1054
    1023
     977
    1039
    1027
     979
    1004
    1024
    1051
    1001
     977
    1013
    1022
    1032
    1059
    1009
    1000
     986
     999
    1016
    1027
    1002
    1006
    1026
     974
     979
     960
    1017
     997
     989
     970
    1010
     957
     935
    1024
    1030
     954
    1025
    1033
     991
    1005
    1027
    1075
     997
    1019
    1070
     977
     996
    1033
    1024
    1010
     973
    1050
    1050
    1004
     985
     962
    1020
    1003
    1028
    1010
     978
     997
     979
     983
    1012
     992
     976
     966
     930
     974
     954
     973
    1018
     994
     958
     947
    1007
     974
    1012
     972
     985
     929
    1007
    1031
     981
     952
     978
     945
     983
    1007
     965
     997
     965
     988
     956
     977
    1007
    1020
     983
     968
    1066
     960
     980
     951
     996
     960
     997
     966
    1008
    1026
     998
     947
    1000
     998
    1004
     966
     994
    1047
     988
    1005
     950
     991
    1007
     967
    1016
     984
     976
     980
     973
    1039
    1027
    1012
    1016
     969
    1071
     970
     955
    1032
     947
     968
     993
     998
    1022
    1021
    1009
     941
     984
     931
     950
     979
     959
     944
     953
    1005
    1053
     984
     968
     985
    1013
     977
    1008
     973
     967
    1053
     993
     977
     935
    1001
     977
     930
    1026
     977
     973
    1005
    1002
     970
     996
     947
     957
     961
     943
     943
     979
     997
     975
     959
    1027
     939
    1020
     933
    1016
     921
     973
     970
     956
     994
    1034
     944
     971
    1000
     960
     930
     966
     977
     988
     979
     967
     962
    1056
     991
     986
    1030
     984
    1012
    1007
     974
     968
     993
    1029
     945
     969
     911
     975
     931
     989
     926
    1018
     955
     944
    1030
    1000
     973
     980
    1004
     950
     944
     929
    1020
     975
     970
    1024
     931
     976
    1004
    1071
    1034
    1042
    1136
    1133
    1196
    1189
    1186
    1043
    1004
    1019
    1015
    1003
    1016
     976
     995
     976
     971
     973
     920
     984
     950
    1011
    1001
    1005
     988
    1045
     985
     991
     980
     987
     948
    1001
     999
    1007
     947
     964
     968
     944
    1008
     981
     961
    1015
    1032
     983
     984
     982
    1022
    1011
    1021
     969
     979
     967
    1009
    1005
    1007
    1034
    1050
    1009
     990
    1005
     992
     962
     958
     956
     932
     980
     931
     982
     970
     980
     946
     989
     948
     917
     942
     934
    1004
     989
     966
     924
    1007
     988
    1050
    1018
     999
     975
    1037
    1004
     988
     976
     976
     961
     985
    1006
     991
     987
    1036
    1028
     974
     981
     956
    1010
     912
     912
     999
     998
     990
    1011
     967
    1030
     971
     995
     970
    1032
     954
     966
     970
    1027
     999
     956
     988
    1024
    1046
    1047
    1036
    1037
    1075
     991
    1021
    1044
     985
    1033
    1022
     972
     987
    1016
    1021
     965
     993
     993
     934
    1025
     957
    1008
    1043
     986
    1007
     993
     997
     978
    1052
     977
    1060
    1009
    1015
     948
    1033
    1054
     996
     964
     975
     979
    1009
    1001
     979
    1028
    1007
     972
    1043
    1007
     987
    1049
    1001
    1021
     959
    1001
    1054
    1030
     994
    1025
     993
     985
     996
     993
    1080
     988
     990
    1034
    1024
    1050
    1014
     994
    1037
     959
     979
    1029
     980
    1006
    1043
     959
     986
    1002
    1092
    1000
    1028
    1035
    1026
     993
     994
    1027
     971
     979
    1031
    1061
    1000
    1031
    1044
    1032
    1057
     955
    1026
     999
    1021
    1025
    1001
     916
    1010
    1023
    1052
    1003
    1013
    1078
    1123
    1193
    1413
    1758
    2163
    2877
    3225
    3489
    3440
    3032
    2639
    2105
    1597
    1377
    1131
    1013
    1027
     993
     987
     964
    1000
    1032
     974
     979
     950
     972
    1001
    1002
    1042
    1004
     956
     944
    1035
    1011
     966
     967
     989
     998
     998
     989
    1029
     997
     944
     965
    1022
    1027
    1021
     976
    1099
    1022
    1121
    1247
    1449
    1817
    2360
    2893
    3572
    3814
    4000
    3481
    2938
    2399
    1765
    1401
    1129
    1060
     967
     949
     961
    1018
     960
     928
     936
     957
     927
     958
     888
     964
     928
     932
     957
    1028
     896
     954
     943
     968
     940
     920
     958
     985
     955
     935
     950
     970
     897
     961
     965
     971
     985
     930
     956
     988
    1005
     894
     939
    1022
     941
    1010
     930
    1039
     961
     980
     947
     971
     913
     993
     947
     939
     958
     971
     983
     999
     958
     960
     994
     937
     915
     969
     965
     928
     984
     897
     952
     971
     979
    1017
     953
    1017
     972
     956
     965
     958
    1004
     950
     953
     976
     918
     929
     976
     967
     939
     964
     933
     978
     977
     932
     937
     997
     976
     896
     942
     959
     944
     937
     937
     989
     953
     991
     974
     971
    1015
     931
     962
     957
     957
     978
     964
     940
     984
     952
     944
     961
     910
     970
     995
     945
    1029
     976
    1009
     984
     991
     952
     970
     945
     948
     954
     978
    1015
     996
     967
     921
     961
     928
     990
     993
    1023
    1025
    1022
    1003
     980
    1006
     979
    1000
     984
     988
     995
    1044
     973
     996
     964
     965
     960
    1023
     990
    1019
     996
    1016
     987
    1062
    1022
    1139
    1032
    1080
    1049
    1053
     998
     989
    1017
    1043
    1000
    1000
     988
    1020
     977
     992
    1036
    1024
    1006
    1032
    1042
     997
    1037
    1084
    1021
    1019
    1025
    1092
    1036
    1047
    1024
    1044
    1035
    1012
     992
    1014
     964
    1056
    1008
    1025
    1003
    1035
    1016
     992
     958
     979
    1042
    1046
     982
     968
    1035
     931
    1013
    1003
     981
     998
    1002
    1033
     949
     983
     972
     912
     971
     946
     961
     961
     996
     966
     950
     961
    1002
     930
    1017
     949
     974
     979
     996
     960
     994
     952
     988
     987
     932
     927
     962
     965
     907
     962
     970
     965
     980
     971
     911
     961
     948
     992
     965
     933
     936
     995
    1018
     931
     928
     995
     979
    1001
     947
     987
     995
     937
     907
    1025
     930
     942
     994
     954
     974
     928
     972
     911
     975
     933
     943
     960
    1022
    1026
     988
     983
    1039
    1036
    1065
    1083
    1056
    1018
    1056
     988
     970
     996
    1001
    1032
    1117
    1155
    1228
    1318
    1276
    1326
    1260
    1193
    1035
    1051
    1028
     984
     928
     948
     972
     971
     990
    1005
    1029
    1046
    1074
    1094
    1107
    1109
    1086
    1070
    1043
    1010
    1096
    1002
     970
     963
     978
     895
     896
     981
     943
     968
    1003
    1017
    1039
    1047
    1125
    1112
    1055
    1063
    1020
     964
     988
     982
     978
     991
     959
     929
     997
    1016
    1077
    1229
    1401
    1617
    1955
    2176
    2334
    2493
    2251
    1968
    1745
    1423
    1227
    1082
     963
     982
     958
     958
     954
     960
    1016
     941
     953
     887
     959
     953
     958
     965
     942
     990
     934
     998
     933
     953
     967
     948
     994
     985
    1000
     968
     985
     942
     879
     980
     951
     921
     966
     991
     987
    1012
     980
    1028
    1045
    1054
    1100
    1039
    1012
     994
    1006
    1000
    1027
    1025
     951
    1014
     892
     942
     975
     982
     967
     984
    1020
     935
    1010
    1012
     995
     976
     949
     927
    1017
    1010
     993
     997
    1004
     950
     954
     989
     951
     983
     973
     973
     954
     972
     971
     985
     991
    1016
     909
     966
     991
     900
     964
    1023
     942
    1018
     962
     937
    1025
     976
    1044
    1024
     989
     960
     988
    1005
     960
    1052
     978
     992
    1002
     965
     970
    1001
    1014
    1019
    1001
     985
    1085
     963
     973
     990
    1015
    1041
    1084
    1211
    1611
    2323
    3535
    5262
    7553
    9843
   12035
   12561
   12066
   10380
    8148
    5762
    3745
    2338
    1710
    1214
     997
     920
     910
     912
     923
     901
     890
     915
     857
     900
     950
     903
     898
     848
     839
     856
     889
     886
     898
     935
     873
     891
     841
     939
     872
     925
     899
     849
     892
     905
     945
     923
     871
     892
     939
     858
     886
     909
     895
     862
     917
     867
     887
     902
     914
     874
     850
     888
     900
     896
     969
     902
     911
     918
     915
     941
     906
     923
     942
     937
     970
     903
     890
     872
     927
     945
     890
     934
     910
     946
     910
     927
     897
     927
     885
     948
     892
     873
     889
     928
     951
     870
     929
     875
     948
     875
     887
     949
     853
     890
     959
     926
     902
     902
     935
     861
     868
     927
     953
     892
     977
     949
    1028
    1158
    1377
    1759
    2196
    2699
    3130
    3387
    3305
    3179
    2652
    2181
    1718
    1364
    1051
     981
     892
     883
     944
     890
     946
     934
     912
     927
     907
     908
     858
     900
     921
     915
     896
     873
     917
     908
     904
     901
     894
     910
     893
     943
     953
     945
     930
     902
     924
     989
     915
     930
     943
     893
     922
     867
     894
     937
     918
     950
     917
     950
     914
     881
     881
     921
     915
     852
    1008
     903
     941
     879
     945
     922
     973
     988
     901
     898
     881
     957
     867
     897
     939
     876
     934
     932
     889
     970
     928
     903
     896
     949
     937
     932
     963
     987
    1110
    1267
    1819
    2751
    4381
    6823
   10240
   13853
   17223
   19240
   19092
   16989
   13734
   10084
    6605
    4182
    2332
    1614
    1128
     918
     827
     832
     800
     845
     783
     777
     809
     803
     797
     821
     817
     785
     782
     808
     802
     782
     801
     849
     767
     791
     800
     763
     847
     831
     797
     776
     811
     861
     821
     786
     791
     764
     861
     754
     777
     825
     798
     837
     865
     778
     872
     823
     804
     808
     791
     825
     828
     835
     822
     814
     858
     768
     837
     810
     837
     780
     840
     869
     784
     835
     801
     827
     768
     859
     815
     827
     806
     833
     837
     895
     825
     815
     803
     865
     818
     815
     864
     830
     812
     864
     808
     841
     793
     860
     832
     837
     801
     888
     795
     831
     990
    1085
    1651
    2473
    4036
    6751
   10247
   14918
   19195
   22041
   23303
   21999
   18507
   14060
    9588
    5995
    3548
    2158
    1347
     962
     770
     743
     710
     709
     720
     696
     696
     715
     748
     763
     956
    1272
    2129
    4077
    8026
   14956
   25838
   40837
   58045
   74431
   85213
   87383
   80438
   66146
   49098
   31961
   18819
    9981
    4828
    2067
     793
     335
     154
     100
      81
      76
      58
      51
      49
      42
      33
      28
      40
      29
      33
      34
      42
      36
      30
      39
      32
      35
      37
      27
      35
      38
      39
      30
      36
      34
      32
      37
      31
      39
      35
      23
      30
      50
      30
      31
      29
      35
      30
      23
      33
      44
      34
      43
      33
      34
      33
      36
      28
      35
      35
      35
      31
      27
      26
      40
      34
      27
      33
      40
      27
      27
      33
      25
      37
      35
      34
      36
      31
      25
      25
      32
      25
      29
      27
      36
      35
      34
      38
      40
      21
      52
      56
      83
     105
     146
     183
     214
     263
     299
     274
     259
     194
     122
      91
      49
      41
      37
      29
      36
      21
      30
      18
      24
      28
      40
      42
      47
      58
      67
      54
      63
      54
      40
      26
      25
      27
      27
      36
      33
      23
      26
      26
      26
      16
      22
      25
      25
      31
      43
      24
      27
      27
      33
      21
      21
      31
      27
      24
      31
      31
      26
      25
      23
      27
      23
      37
      32
      29
      37
      41
      29
      20
      31
      37
      35
      32
      29
      22
      23
      28
      27
      19
      21
      27
      31
      20
      22
      25
      23
      30
      25
      36
      26
      30
      32
      28
      29
      15
      22
      30
      22
      29
      19
      24
      21
      33
      18
      28
      16
      35
      17
      23
      23
      30
      27
      36
      29
      15
      15
      29
      29
      21
      32
      30
      18
      24
      21
      26
      20
      30
      26
      27
      23
      29
      25
      23
      21
      22
      30
      26
      33
      32
      28
      25
      25
      23
      33
      29
      30
      25
      23
      28
      23
      26
      30
      27
      36
      25
      32
      24
      30
      24
      28
      16
      22
      22
      34
      24
      20
      34
      26
      26
      27
      17
      22
      20
      23
      20
      22
      20
      26
      29
      24
      17
      30
      21
      18
      29
      26
      26
      21
      35
      31
      24
      20
      23
      21
      20
      22
      29
      27
      18
      17
      28
      19
      30
      27
      29
      18
      24
      34
      21
      28
      23
      25
      22
      22
      20
      13
      23
      37
      27
      19
      25
      23
      22
      28
      19
      27
      17
      23
      24
      32
      26
      21
      26
      28
      14
      26
      23
      31
      19
      26
      31
      29
      32
      18
      19
      27
      24
      25
       8
      19
      21
      17
      22
      25
      20
      21
      22
      24
      18
      26
      20
      21
      35
      35
      44
      49
      71
      64
      64
      82
      73
      59
      67
      38
      47
      29
      27
      18
      19
      20
      27
      25
      21
      32
      16
      27
      26
      30
      21
      16
      33
      27
      20
      35
      19
      18
      24
      15
      24
      26
      20
      20
      21
      30
      21
      21
      21
      18
      22
      26
      25
      29
      20
      27
      19
      24
      39
      23
      28
      29
      23
      15
      12
      14
      20
      29
      20
      15
      17
      21
      20
      16
      18
      19
      24
      18
      19
      17
      11
      26
      29
      23
      11
      25
      11
      24
      18
      15
      32
      21
      19
      21
      20
      26
      20
      14
      12
      17
      32
      20
      18
      17
      18
      19
      17
      25
      21
      22
      19
      17
      21
      18
      22
      20
      18
      15
      34
      25
      28
      24
      23
      19
      24
      21
      32
      23
      14
      18
      18
      13
      23
      18
      16
      22
      15
      19
      29
      17
      21
      17
      16
      13
      21
      24
      28
      25
      17
      20
      23
      30
      24
      25
      25
      22
      24
      19
      13
      22
      19
      20
      20
      15
      20
      15
      21
      23
      16
      14
      19
      26
      22
      27
      23
      15
      30
      28
      24
      33
      15
      33
      21
      17
      26
      23
      20
      13
      26
      18
      23
      17
      13
      17
      22
      15
      17
      16
      26
      20
      24
      16
      21
      26
      21
      23
      23
      14
      19
      19
      11
      23
      25
      29
      16
      17
      20
      23
      28
      21
      29
      18
      20
      17
      18
      20
      19
      19
      16
      24
      23
      15
      24
      14
      16
      17
      15
      23
      13
      12
      21
      21
      21
      20
      18
      21
      18
      19
      27
      16
      20
      19
      25
      19
      15
      14
      14
      20
      17
      23
      16
      22
      19
      16
      19
      21
      16
      20
      16
      21
      27
      22
      26
      17
      21
      19
      21
      24
      22
      22
      19
      15
      19
      20
      20
      17
      19
      22
      10
      17
      31
      25
      22
      11
      16
      27
      20
      16
      19
      29
      17
      20
      14
      18
      24
      20
      17
      20
      28
      18
      18
      24
      17
      26
      20
      22
      22
      28
      13
      20
      15
      15
      15
      17
      14
      16
      18
      18
      23
      13
      14
      10
      16
      18
      14
      16
      15
      21
      21
      17
      18
      17
      18
      12
      14
      28
      22
      15
      19
      20
      14
      20
      16
      12
      13
      19
      25
      19
      19
      19
      18
      19
      19
      11
      17
      18
      20
      17
      15
      18
      18
      10
      24
      20
      20
      20
      13
      20
      24
      12
      21
      17
      15
      17
      17
      20
      17
      14
      18
      23
      18
      12
      30
      21
      22
      23
      18
      16
      15
      15
      16
      12
      16
      16
      21
      26
      15
      18
      19
      14
      20
      14
      26
      22
      23
      16
      29
      14
      23
      16
      21
      20
      16
      15
      12
      18
      16
      22
      18
      16
      14
      13
      20
      11
      16
      18
      13
      13
      14
      15
      13
      22
      25
      25
      14
      12
      10
      15
       9
      19
      25
      15
      18
      25
      12
      22
      20
      24
      22
      14
       9
      14
      18
      23
      23
      19
      18
      11
      17
      21
      13
      13
       9
      12
      16
      17
      18
      17
      17
      21
      17
      14
      21
      18
      17
      20
      18
      14
      22
      26
      16
      18
      14
      21
      18
      16
      17
      17
      16
      15
       7
      21
      15
      14
      14
      12
      24
      28
      14
      21
      14
       9
      20
      15
      12
      12
      14
      18
      20
      13
      13
      22
      13
      15
      16
      20
      18
      19
      14
      15
      14
      14
      22
      13
      17
      18
      14
      12
      17
      23
      15
      22
      16
       9
      12
      15
      19
      23
      18
      16
      17
      13
      10
      10
      21
      21
      12
      19
      20
      18
      17
      16
      13
      28
      14
      14
      10
      25
      28
      21
      19
      16
      17
      18
      21
      26
      11
      20
      17
      15
      16
      21
      21
      19
      17
      23
      16
      16
      11
      19
      14
      16
      19
      16
      15
      13
      20
      12
      17
      17
      19
      26
      19
      25
      34
      46
      73
      84
     102
     150
     174
     191
     198
     168
     144
      84
      74
      69
      30
      25
      25
      20
      13
      11
      12
      14
      16
      19
      13
      13
      16
      18
      14
      12
      17
      16
      14
      16
      19
      16
      11
      19
      14
      15
      14
      14
      17
      12
      25
      17
      19
      11
      14
      25
      16
      17
      10
      16
      23
      15
      12
      14
      12
      13
      16
      18
      14
      13
      10
      16
      13
      12
       8
      20
      13
      13
      11
      13
      19
      22
      12
      16
      16
      13
      16
      18
      15
      10
      14
      22
      11
      15
       8
      21
      13
      15
      12
      11
      12
      11
      23
      15
      16
      14
      18
      14
      15
      16
      16
      10
      10
      16
      27
      10
      15
      21
      17
      11
      13
       8
      12
      15
       6
      15
      17
      18
      15
      19
      18
      22
      11
      13
      14
      14
       6
      18
      18
      10
      14
      15
      16
      11
      11
      16
       6
      12
      15
      11
      17
      15
      19
      20
      17
      13
      16
      12
      15
       9
       8
      17
      18
      16
      15
      15
      12
      12
      14
      14
       7
      17
      17
      20
      18
       9
      11
      18
      22
      14
      12
      19
      14
       9
      16
      11
      16
      12
      14
      13
      11
       7
      12
      17
      12
      15
      17
      17
      11
      13
      14
       8
      15
      12
      10
      13
      15
      13
      15
      16
      16
      18
      15
      11
      15
      11
       9
      16
      13
       9
      16
      10
      14
       9
      19
      11
      10
      10
      15
      17
      11
      14
      13
      17
      16
      12
      13
       8
       8
      11
      18
      11
      10
       7
      12
      14
       8
      16
      17
       7
       8
      13
      16
      15
      16
      11
       4
      12
       8
       5
      12
       8
      11
      13
      15
      13
      17
       8
      23
      10
      19
      24
      28
      31
      29
      45
      47
      35
      61
      50
      30
      37
      33
      19
      27
      20
      10
      11
       8
      16
      10
      14
      16
      14
      14
      16
      11
       8
       8
      14
      16
      16
      14
      15
      17
      11
      11
      10
      10
       9
       8
      13
      15
      11
      16
      16
      20
      16
      10
      10
      10
      12
       9
       9
      13
       8
      21
       8
      12
      15
      18
       8
       6
      11
      14
      14
      14
      17
      12
      12
      12
      12
      13
      10
       9
      14
      14
      11
      15
       7
       8
      21
       9
      14
      10
      13
       9
       9
      10
      11
      12
      13
       9
      13
      19
      13
      10
       9
      11
      11
      10
      15
      10
      13
      12
      11
      20
      14
      22
      13
      16
      14
      12
      12
       8
      16
      12
      14
      12
      13
      13
       5
      19
      14
      12
       4
      17
      11
      13
      14
      14
      12
      11
      11
      13
      14
      19
       7
      12
      15
      18
      15
      19
      23
      15
      23
       9
       9
      13
      12
      14
      12
      18
       6
       8
      15
      17
      23
      16
      16
      12
      16
      13
       6
      16
      11
       8
      14
      14
      11
      17
      15
      10
      11
      11
      10
      10
      12
      16
      13
      14
       7
      13
       8
      15
      12
       9
      12
      11
      16
      13
       8
      11
      14
      20
       8
      18
      13
      13
      17
      11
      11
      13
       4
      12
      15
      11
      11
      15
      18
       8
      11
      11
       9
      13
       9
      14
      10
       7
       8
      10
      11
       8
      16
      10
      11
      11
       5
      11
      10
      17
      21
      14
      12
      15
      22
       9
      14
      10
      18
      11
      11
      13
       9
      16
      16
      10
       9
      11
      10
      11
      21
      18
      13
      10
      14
       9
      11
      12
      11
      19
      24
      29
      50
      42
      56
      47
      50
      68
      75
      54
      39
      36
      19
      13
      14
      16
       6
      10
      18
       8
      19
      14
       9
       9
       7
      11
      13
       7
       7
       4
       9
      15
      14
      10
      11
       9
      13
      10
      10
      13
      16
      11
      16
      11
       6
       6
      10
       7
      10
      11
      11
      20
       9
       4
      17
      12
       8
      12
       7
      11
      12
      14
      10
      14
      16
      12
      13
      11
       7
      10
       7
       9
      11
      16
      13
       9
       7
      11
      16
       6
       5
      14
       9
      11
      12
      13
      13
       9
      17
      16
       9
       9
       7
       8
      10
       6
       7
       6
      15
       9
       9
       7
      11
       9
       9
      13
      11
      15
      11
      11
      11
      13
       4
       6
      12
       9
       9
      11
      16
       9
      12
      15
       2
       5
      12
       8
      13
       7
       9
      14
      13
      10
       6
       7
       6
       7
      14
      10
      18
      14
      18
      12
      10
       8
      11
      13
       7
       8
      12
       7
      12
       3
       7
      13
       6
      11
      10
      10
      13
       9
       9
      10
       9
       6
      11
      13
       3
      13
       7
      10
       7
       8
      10
      11
      12
      10
      15
       6
       6
       9
      15
       7
      12
       5
       9
       6
       9
       7
      11
       7
      11
       5
       6
       8
      14
      11
      11
      12
      12
      15
      16
       6
      11
       9
      22
       5
      17
      12
      12
       9
       6
       6
      11
      16
       7
      12
      12
      11
      16
      13
       7
       4
      14
      12
       7
      11
      10
       7
      11
       9
      11
      10
      12
       8
       6
      18
      13
       8
      11
      10
      18
      21
       9
      12
      14
      13
      15
      13
      14
       8
       9
      10
      15
       7
      12
      12
      16
      10
       7
      15
       8
      14
       7
       6
       8
       3
       9
      14
      12
       7
      13
       3
       6
       9
       8
      11
      11
      11
      15
       9
      12
       6
       7
       6
      10
       9
      17
      12
       6
       9
      10
      12
       5
       7
       6
       8
      10
       6
       4
       8
       4
       5
       7
       9
       5
       9
      14
      10
       6
       7
       7
      10
      10
      16
      13
       4
      17
       7
      11
       8
       7
       8
      13
       8
       8
       6
       7
       4
      12
       6
       5
       9
      10
       8
       8
      10
      12
      12
       5
       6
      15
      11
      13
       9
       6
       9
       8
      12
      13
       7
       8
      12
      11
       8
      13
       6
       8
       9
       6
       6
      12
       9
       5
      10
       8
       9
       9
       8
       8
       7
      13
       9
       9
       8
      11
       7
       8
      10
       9
      11
       8
       8
      16
       8
      15
       8
       5
      13
      14
      10
       6
      10
      12
       7
      10
       9
       4
      12
      10
      15
      12
      11
      10
       7
       7
      14
      11
       8
       9
      14
      10
       5
       6
       6
       8
       9
       7
       6
       3
      14
       3
       9
      10
       9
       7
       9
       6
       4
      11
       6
      12
       9
      11
       7
      10
       9
      10
      16
       8
       8
      11
      10
      13
       6
      13
       7
      14
       6
       7
      13
      10
      10
      11
      10
      10
      12
      12
      14
       9
       9
       6
       8
       5
      13
      11
       7
       9
       6
       7
       4
       7
      11
       7
      13
      14
      10
      11
      11
       8
       9
      11
       9
       4
      10
       6
       4
       9
       7
       9
       7
      11
       8
      11
       6
       7
       7
      12
      13
       7
       6
       9
       9
       8
      11
       7
      10
       9
      13
       8
      15
       4
       7
       3
      12
      11
      10
      14
       8
       9
      12
      13
      10
       8
       9
      10
      10
       7
      11
       7
       7
       4
       8
      12
       7
      10
      12
      10
      10
      10
       5
       7
       9
      14
       5
       8
       7
      11
      13
      18
       6
      22
      20
      15
      14
      17
      16
      13
      11
       7
       6
       8
      10
       7
       7
       9
       7
      14
       7
       6
       8
      10
      10
       5
       5
      13
       8
       5
       8
      10
       4
      10
       9
       5
       5
       9
       9
      10
      10
      11
       9
       7
      16
      13
       6
      10
      10
       4
      16
       7
       8
      10
      14
       4
       6
       4
      15
       7
       8
      10
       7
       9
      11
       6
       9
       7
       6
       6
       8
       8
       5
      13
       9
      12
      13
      15
      13
      21
      18
      21
      15
      14
      20
      14
      16
      10
      14
      12
      13
       8
      13
       5
       7
       7
       5
      11
      11
      10
      12
      15
      12
       9
       3
       8
       7
       6
       5
       7
       5
       3
       2
       5
       4
       9
      12
       7
      10
       7
      12
       6
       7
       8
       6
       7
       9
       9
       8
      10
       4
       6
      10
       5
       5
       7
      10
       5
       9
       5
       5
       5
       8
       5
      10
       9
       5
      11
       9
      15
      11
      12
       3
       8
      10
       4
       7
       9
       5
       8
      10
       7
      10
       9
       6
       2
       8
       9
       8
       9
       6
      12
      12
       4
       5
       7
      13
       5
       2
       9
       6
       7
       4
       3
      10
      11
       6
       7
      13
       8
      10
       7
       6
      10
       4
      10
      15
       9
       4
       8
      11
       7
       8
      10
       5
      10
       1
       7
       7
       7
       8
       6
       6
       9
       5
      12
      12
      12
      16
       7
       8
       8
       7
      12
       6
       6
      11
       7
       7
       5
       6
       6
      10
      10
       4
       9
       4
       7
       4
       6
       7
       7
      11
       7
       9
       3
      12
       9
       5
       7
       9
       7
      11
       9
       5
       9
       4
       5
       8
       8
       8
       7
       4
       7
       5
       7
       4
      14
       8
      10
       3
      12
      10
       7
       8
       7
       6
       6
       4
       6
       5
       9
       7
       7
      11
       6
       6
       9
       8
       3
       3
       8
       8
       5
       5
       9
       8
       6
       7
       5
       5
       6
       7
       4
       5
       9
       8
       6
       6
       4
      12
       8
      10
      11
      10
       9
       5
       8
      10
      11
      15
       9
      18
      22
      30
      35
      44
      65
      81
      90
     108
     104
      76
      66
      58
      54
      27
      28
      12
       8
      10
      13
       8
      11
       2
       8
       7
       5
       7
       6
      13
       6
       9
       6
       5
      10
       5
       6
       5
      10
       3
       6
       5
       8
      10
       5
       5
       3
       5
       9
       7
       9
       9
      12
       3
       4
       6
      12
       7
       7
      10
      10
       8
       6
       4
       4
       3
       9
       4
       5
       6
       7
       7
       5
       5
       8
       9
       6
       9
       6
       9
       5
       6
       9
       9
      12
       7
      10
       5
      13
       4
      11
       9
      15
       7
      15
      14
      44
      56
      82
     127
     213
     238
     293
     333
     362
     379
     318
     305
     226
     173
     123
      90
      49
      29
      18
       8
      11
       5
      11
       6
       4
       3
       4
       7
       9
       6
       5
      12
      10
       3
       7
       8
       3
       6
       4
       2
       3
       5
       4
       7
       6
       2
       3
       4
       5
       3
       4
       3
       3
       5
       5
       4
       6
       2
       8
       7
       4
       2
       9
       4
       8
       3
       4
       4
       6
       1
       4
       5
       4
       4
       6
       0
       3
      10
       6
       7
       7
       6
       4
       5
       5
       3
       9
       1
       6
       1
       3
       6
       7
       8
      10
       5
       4
       8
       2
       5
       5
       6
       5
       6
      10
       6
       9
       5
       7
       6
       8
       6
       9
       5
       8
      10
       4
       7
       7
      12
       5
       7
       9
       9
      11
       7
       8
      11
       8
       9
       6
       6
       8
       6
       3
       5
       4
       3
       5
       9
       6
       8
       3
       6
       6
       7
       3
       7
      12
       9
       9
      10
      13
      13
      14
      11
      15
      16
      13
      11
      11
      13
       7
       6
       6
       5
       6
       4
       2
       4
       7
       3
       4
       4
       2
       6
       7
       4
       5
       4
       6
       5
       6
       5
       6
       4
       5
       2
       2
       3
       9
       5
       5
       3
       5
       4
       5
       2
       5
       4
       2
       1
       1
       4
       7
       6
       1
       9
       3
       1
       5
       4
       2
       6
       4
       3
       5
       9
       1
       4
       7
       2
       3
       4
       2
       4
       7
       2
       6
       9
       2
       7
       6
       4
       7
       5
       8
       5
       3
       3
       4
       7
       2
       3
       2
       4
       8
       4
       6
       3
       5
      12
      13
      16
      17
      20
      13
      15
      21
      20
      20
      12
      10
      11
       4
       8
       2
       3
       8
       3
       6
       5
       7
       4
       2
       3
       3
       1
       2
       1
       2
       1
       4
       4
       9
       7
       4
       8
       8
       5
       8
       5
      15
       9
       4
       5
       8
       4
       3
       3
       2
       6
       3
       5
       2
       4
       7
       4
       5
       4
       1
       7
       6
       6
       2
       5
       6
       3
       6
       0
       6
       4
       6
       6
       2
       4
       3
       0
       2
       3
       3
       4
       2
       3
       7
       5
       5
       1
       5
       5
       4
       4
       3
       5
       3
       3
       2
       4
       2
       2
       5
       3
       4
       3
       2
       4
       9
       3
       2
       5
       4
       6
       5
      10
       0
       5
       4
       7
       7
       5
       3
       5
       5
       4
       4
       7
       2
       4
       3
       5
       4
       4
       4
       2
       3
       6
       2
       8
       7
       2
       4
       6
       8
       8
       2
       4
       2
       7
       4
       3
       7
       0
       3
       3
       4
       3
       6
       3
       4
       6
       6
       3
       5
       4
       5
       2
       3
       2
       3
       4
       2
       9
       6
       4
       0
       3
       6
       5
       1
       1
       1
       2
       3
       2
       1
       6
       4
       4
       4
       4
       5
       7
       6
       5
       8
       3
       1
       3
       3
       2
       3
       3
       4
       7
       7
       7
       3
       2
       2
       3
       4
       6
       6
       7
       5
       2
       7
       5
       1
       3
       4
       2
       3
       6
       7
       8
       4
       0
       4
       1
       3
       5
       3
       3
       7
       5
       1
       1
       4
       4
       5
      10
       3
       6
       3
       3
       4
       1
       4
       3
       3
       4
       5
       6
       5
       3
       1
       2
       3
       3
       9
       5
       3
       4
       5
       4
       3
       3
       2
       4
       6
       6
       5
       2
       3
       6
       2
       9
       3
       8
       8
       6
       9
       1
       5
       4
       5
       3
       1
       3
       5
       5
       3
       1
       1
       3
       3
       2
       6
       5
       1
       2
       5
       2
       5
       3
       4
       6
       6
       6
       4
       6
       3
       4
       1
       7
       7
       3
       7
       5
       4
       4
       6
       1
       3
       6
       6
       2
       5
       0
       3
       5
       5
       6
       5
       3
       2
       3
       6
       4
       4
       0
       8
       4
       1
       7
       2
       5
       4
       1
       2
       3
       1
       0
       3
       3
       3
       1
       9
       4
       5
       2
       5
       3
       2
       4
       3
       3
       2
       2
       4
       3
       3
       5
       6
       4
       2
       5
       7
       3
       7
      10
       6
       9
      15
      11
      10
       7
      13
      19
       8
       9
      16
       8
       8
       9
       6
       4
      10
       3
       4
       3
       7
       7
       6
       4
       2
       3
       2
       8
       5
       9
       6
       6
       5
       5
       6
       0
       5
       5
       5
       8
       6
       3
       7
       3
       3
       4
       6
       2
       2
       9
       5
       4
       1
       3
       5
       1
       7
       5
       9
       3
       5
       2
       5
       3
       5
       4
       5
       4
       5
       5
       3
       3
       2
       3
       5
       5
       4
       0
       7
       5
       4
       4
       3
       7
       4
       5
       1
       4
       4
       7
       3
       3
       5
       2
       1
       1
       3
       6
       6
       5
       3
       5
       3
       3
       1
       4
       3
       6
       0
       3
       6
       1
       2
       2
       3
       3
       2
       3
       4
       5
       4
       6
       5
       2
       1
       9
       2
       6
       5
       4
       5
       4
       9
       6
       2
       6
       1
       4
       7
       4
       4
       4
       6
       4
       8
       1
       2
       3
       4
       5
       4
       4
       2
       5
       5
       6
       3
       1
       6
       3
       8
       6
       4
       7
       1
       2
       5
       5
       8
       5
       4
       5
       3
       5
       3
       3
       3
       7
       0
       7
       5
       1
       3
       2
       4
       4
       6
       4
       3
       2
       0
       2
       4
       4
       4
       3
       5
       7
       6
       3
       5
       1
       4
       7
       2
       2
       4
       4
       2
       6
       2
       1
       8
       8
       1
       1
       3
       5
       7
       2
       6
       3
       4
       2
       4
       1
       1
       3
       3
       2
       4
       3
       4
       0
       5
       6
       4
       6
       6
       2
       2
       5
       3
       8
       2
       3
       1
       6
       9
       4
       2
       3
       1
       3
       5
       2
       4
       3
       5
       6
       2
       5
       7
       2
       3
       2
       5
       4
       6
       3
       6
       3
       4
       7
       4
       7
       4
       6
       5
       6
       4
       2
       4
       4
       7
       4
       3
       3
       6
       5
       3
       1
       3
       5
       4
       3
       2
       4
       6
       6
       4
       3
       3
       4
       6
       2
       3
       1
       7
       5
       7
       4
       7
       3
      13
       7
       6
      10
       9
       7
      11
       7
       7
       3
       5
       4
       5
       1
       1
       3
       4
       7
       5
       1
       3
       5
       5
       1
       7
       1
       3
       4
       3
       9
       5
       3
       4
       3
       6
       3
      12
       2
       6
       5
       2
       4
       2
       4
      10
       4
       2
       3
       9
       7
       4
       4
       3
       4
       3
       4
       3
       3
       8
       5
       4
       3
       2
       2
       2
       4
       0
       2
       5
       6
       4
       4
       3
       0
       2
       2
       4
       5
       2
       5
       5
       4
       3
       3
       1
       3
       4
       4
       9
       3
       3
       3
       1
       6
       3
       1
       4
       6
       2
       7
       5
       4
       7
       6
       8
       8
       4
       1
       6
       6
       7
       9
       6
       8
       5
       2
       6
       6
       3
       4
       2
       2
       3
       6
       5
       4
       2
       6
       6
       2
       2
       0
       2
       5
       6
       3
       4
       3
       2
       4
       7
       1
       9
       5
       2
       1
       3
       4
       2
       2
       1
       6
       9
       5
       2
       4
       1
       5
       3
       3
       4
       3
       6
       2
       3
       0
       4
       3
       4
       5
       5
       4
       4
       4
       4
       6
       6
       2
       3
       2
       6
       6
       0
       5
       2
       4
       3
       3
       4
       3
       3
       3
       5
       4
       1
       2
       7
       5
       9
       6
       4
       3
       5
       2
       2
       1
       7
       3
       6
       6
       4
       4
       7
       5
       4
       4
       0
       3
       4
       2
       6
       2
       5
       6
       2
       2
       4
       2
       1
       3
       0
       2
       2
       3
       5
       2
       7
       5
       3
       4
       4
       4
       2
       4
       4
       6
       6
       4
       3
       4
       6
       3
       3
       2
       2
       3
       2
       4
       5
       2
       4
       2
       3
       4
       2
       0
       3
       2
       4
       3
       3
       2
       2
       7
       1
       0
       3
       1
       5
       6
       6
       4
       4
       4
       3
       5
       6
       4
       8
       5
       7
       7
      10
       3
       4
       4
       2
       8
       2
       6
       5
       3
       4
       4
       5
       2
       4
       4
       6
       2
       4
       4
       6
       2
       2
       2
       3
       7
       2
       3
       4
       4
       2
       2
       5
       0
       2
       3
       3
       6
       1
       3
       7
       5
       9
       4
       4
       2
       3
       1
       6
       1
       3
       2
       1
       3
       4
       3
       3
       4
       1
       6
       3
       1
       1
       4
       3
       4
       5
       3
       3
       3
       5
       2
       1
       3
       3
       3
       5
       1
       2
       5
       3
       2
       5
       4
       5
       2
      10
       4
       4
       4
       4
       4
       2
       1
       0
       5
       3
       3
       1
       2
       2
       6
       1
       1
       1
       5
       8
       3
       6
       1
       7
       3
       6
       3
       4
       3
       1
       3
       3
       4
       1
       3
       6
       3
       2
       4
       2
       6
       2
       4
       4
       3
       6
       3
       3
       3
       3
       2
       5
       6
       7
       2
       2
       4
       1
       4
       2
       1
       4
       1
       4
       3
       5
       3
       6
       0
       4
       2
       4
       4
       2
       3
       3
       3
       3
       5
       2
       2
       0
       3
       1
       2
       2
       3
       4
       3
       8
       1
       5
       1
       2
       3
       3
       4
       3
       3
       4
       2
       5
       2
       4
       5
       2
       5
       1
       3
       4
       4
       4
       3
       1
       6
       1
       3
       1
       2
       2
       4
       2
       2
       5
       5
       1
       3
       4
       6
       1
       2
       1
       6
       8
       4
       4
       3
       1
       2
       4
       2
       5
       6
       3
       1
       2
       7
       3
       1
       6
       3
       3
       4
       3
       1
       4
       4
       5
       3
       4
       3
       1
       4
       3
       2
       2
       7
       4
       4
       1
       2
      10
       4
       3
       4
       6
       5
       3
       1
       5
       6
       1
       3
       2
       4
       3
       5
       6
       2
       8
       3
       1
       3
       4
       6
       3
       6
       4
       3
       4
       4
       1
      10
       7
       3
       0
       4
       4
       4
       4
       2
       7
       4
       2
       5
       1
       2
       3
       3
       3
       6
       5
       3
       3
       3
       5
       4
       3
       2
       6
       1
       4
       4
       1
       3
       5
       4
       0
       2
       2
       3
       3
       1
       3
       4
       3
       2
       4
       3
       2
       5
       4
       5
       4
       0
       8
       1
       4
       5
       5
       3
       9
       2
       7
       4
       4
       3
       6
       4
       4
       4
       5
       3
       6
       1
       4
       1
       2
       2
       1
       3
       1
       4
       1
       5
       5
       2
       4
       7
       5
       3
       0
       6
       3
       2
       4
       1
       1
       8
       4
       3
       1
       7
       3
       3
       2
       6
       4
       2
       2
       8
       3
       1
       3
       6
       5
       5
       1
       2
       0
       3
       0
       2
       2
       1
       4
       3
       3
       2
       5
       2
       3
       5
       6
       4
       4
       1
       3
       4
       1
       1
       4
       2
       1
       5
       4
       9
       2
       1
       1
       2
       2
       1
       4
       1
       5
       2
       4
       1
       5
       5
       9
       3
       4
       3
       0
       3
       3
       3
       3
       4
       4
       6
       3
       3
       2
       8
       4
      11
      11
       4
       2
       4
       5
       6
       2
       2
       1
       0
       3
       5
       7
       5
       3
       3
       2
       2
       3
       2
       3
       2
       4
       2
       2
       2
       4
       2
       1
       2
       3
       4
       2
       4
       5
       0
       2
       3
       5
       2
       1
       4
       1
       4
       4
       2
       1
       3
       1
       6
       1
       2
       0
       4
       2
       1
       1
       6
       1
       3
       0
       3
       5
       3
       3
       6
       3
       2
       1
       1
       1
       2
       4
       1
       0
       3
       2
       2
       3
       4
       2
       3
       2
       3
       3
       3
       3
       5
       3
       3
       3
       3
       4
       1
       4
       3
       1
       3
       1
       5
       5
       0
       2
       3
       1
       4
       5
       6
       3
       3
       2
       5
       2
       2
       1
       3
       6
       5
       3
       5
       7
       1
       2
       1
       7
       3
       5
       3
       7
       3
       4
       6
       2
       4
       2
       0
       2
       1
       3
       6
       0
       3
       5
       6
       8
       6
       2
       4
       6
       2
       3
       3
       2
       3
       6
       4
       1
       0
       3
       1
       2
       6
       3
       1
       5
       1
       6
       5
       1
       0
       1
       1
       1
       9
       2
       3
       3
       1
       1
       1
       1
       3
       1
       7
       3
       1
       5
       1
       2
       5
       6
       1
       7
       4
       4
       6
       5
       3
       4
       6
       5
       4
       5
       3
       2
       1
       3
       7
       1
       4
       4
       2
       3
       2
       0
       1
       3
      10
       4
       1
       3
       1
       4
       5
       2
       8
       3
       4
       4
       2
       2
       4
       1
       5
       5
       3
       5
       4
       1
       1
       4
       2
       1
       4
       2
       1
       1
       0
       2
       2
       1
       3
       3
       3
       2
       1
       2
       5
       3
       0
       6
       4
       1
       5
       5
       7
       3
       3
       4
       1
       3
       3
       2
       1
       4
       2
       2
       4
       3
       1
       1
       5
       2
       7
       2
       0
       5
       3
       4
       3
       3
       1
       2
       3
       5
       4
       3
       3
       3
       2
       5
       1
       2
       4
       1
       5
       6
       4
       2
       2
       2
       4
       3
       0
       4
       1
       2
       5
       3
       2
       1
       2
       2
       3
       9
       4
       2
       0
       4
       2
       5
       3
       1
       5
       3
       1
       3
       3
       1
       3
       6
       7
       3
       3
       2
       2
       2
       1
       4
       5
       4
       3
       1
       4
       4
       4
       1
       1
       3
       3
       4
       5
       3
       6
       0
       6
       0
       3
       2
       1
       3
       3
       3
       2
       1
       1
       5
       2
       0
       3
       2
       0
       3
       4
       3
       0
       3
       0
       2
       6
       1
       1
       3
       3
       2
       6
       1
       8
       0
       2
       1
       7
       5
       2
       2
       0
       2
       3
       2
       0
       0
       3
       2
       2
       3
       5
       1
       7
       4
       2
       3
       5
       5
       3
       3
       2
       5
       5
       8
       4
       2
       1
       1
       4
       3
       1
       2
       2
       1
       3
       4
       1
       3
       5
       2
       2
       1
       2
       1
       4
       1
       0
       5
       1
       2
       1
       1
       6
       3
       2
       1
       3
       1
       9
       3
       3
       2
       3
       3
       3
       2
       1
       2
       1
       2
       4
       2
       1
       3
       3
       2
       1
       5
       1
       4
       3
       3
       2
       4
       2
       4
       2
       4
       0
       4
       2
       1
       2
       3
       2
       4
       1
       2
       2
       1
       3
       2
       2
       3
       1
       1
       3
       4
       5
       1
       2
       1
       2
       0
       6
       2
       0
       0
       1
       2
       6
       2
       5
       4
       3
       4
       2
       0
       3
       0
       3
       2
       6
       5
       3
       3
       1
       1
       3
       5
       3
       5
       3
       2
       0
       2
       1
       1
       0
       1
       4
       2
       4
       1
       0
       4
       1
       1
       4
       3
       2
       3
       4
       1
       1
       1
       3
       0
       4
       3
       2
       4
       2
       4
       1
       3
       2
       3
       4
       2
       3
       3
       4
       2
       2
       2
       0
       2
       7
       4
       4
       0
       1
       2
       0
       0
       3
       1
       4
       3
       2
       3
       1
       3
       3
       6
       6
       3
       3
       0
       4
       2
       3
       2
       6
       2
       3
       0
       2
       3
       1
       2
       4
       2
       4
       3
       4
       5
       3
       2
       3
       2
       2
       1
       2
       2
       2
       1
       0
       2
       2
       3
       1
       2
       2
       4
       4
       4
       2
       5
       3
      14
      11
      19
      30
      50
      88
     141
     184
     267
     356
     448
     541
     560
     668
     741
     667
     630
     562
     444
     340
     283
     203
     115
      70
      46
      25
      18
       8
       7
       1
       1
       2
       0
       0
       2
       0
       0
       1
       0
       2
       0
       0
       0
       1
       0
       2
       0
       0
       0
       0
       0
       1
       0
       0
       0
       0
       0
       0
       0
       0
       0
       0
       0
       1
       0
       0
       0
       0
       0
       0
       0
       0
       0
       0
       0
       0
       1
       0
       1
       0
       0
       0
       0
       1
       0
       0
       1
       0
       0
       1
       0
       0
       0
       0
       1
       0
       0
       0
       0
       0
       0
       0
       0
       0
       0
       0
       1
       0
       0
       0
       0
       1
       0
       0
       0
       0
       1
       0
       0
       0
       1
       0
       0
       0
       1
       0
       0
       0
       0
       0
       0
       0
       0
       0
       0
       0
       0
       0
       0
       0
       0
       0
       0
       0
       0
       0
       0
       0
       0
       0
       0
       1
       0
       0
       0
       0
       1
       0
       0
       0
       0
       0
       0
       0
       0
       0
       0
       0
       0
       0
       0
       1
       0
       1
       0
       0
       0
       1
       0
       0
       1
       0
       0
       0
       0
       0
       0
       1
       0
       0
       0
       0
       0
       0
       0
       0
       0
       0
       0
       0
       0
       0
       0
       0
       0
       0
       1
       0
       2
       0
       1
       0
       0
       1
       0
       1
       0
       0
       0
       0
       0
       0
       0
       0
       1
       0
       0
       0
       0
       0
       1
       0
       0
       0
       2
       0
       0
       1
       0
       0
       0
       1
       0
       0
       0
       0
       0
       0
       0
       0
       0
       0
       0
       1
       0
       0
       0
       0
       2
       1
       0
       0
       0
       0
       0
       0
       0
       1
       0
       1
       0
       0
       0
       0
       0
       0
       0
       0
       0
       0
       1
       0
       0
       0
       0
       0
       1
       0
       0
       0
       0
       0
       0
       0
       0
       0
       0
       0
       0
       1
       0
       0
       0
       0
       1
       2
       0
       1
       1
       0
       0
       0
       0
       0
       0
       0
       0
       1
       0
       0
       0
       0
       0
       1
       1
       0
       1
       0
       1
       0
       0
       0
       0
       0
       0
       0
       0
       0
       0
       1
       0
       0
       0
       0
       0
       0
       0
       0
       0
       0
       0
       1
       0
       0
       0
       0
       0
       0
       0
       0
       1
       0
       0
       0
       0
       0
       0
       0
       0
       0
       0
       0
       0
       0
       0
       0
       1
       0
       1
       0
       0
       0
       0
       0
       0
       0
       0
       0
       0
       0
       0
       0
       0
       1
       0
       0
       0
       0
       0
       1
       0
       0
       0
       0
       0
       0
       0
       0
       0
       0
       0
       0
       0
       0
       0
       1
       1
       0
       0
       1
       0
       0
       0
       0
       0
       1
       0
       2
       0
       0
       0
       0
       0
       0
       0
       0
       1
       0
       0
       0
       0
       0
       0
       0
       0
       1
       0
       0
       0
       0
       0
       0
       1
       0
       0
       1
       0
       0
       0
       0
       1
       0
       0
       1
       0
       0
       0
       0
       0
       0
       0
       0
       0
       1
       0
       0
       0
       0
       0
       0
       1
       0
       0
       0
       0
       0
       0
       1
       0
       0
       0
       2
       0
       1
       0
       0
       0
       0
       0
       0
       0
       0
       0
       0
       0
       0
       0
       0
       0
       0
       0
       0
       0
       0
       0
       0
       0
       0
       0
       0
       0
       2
       0
       0
       0
       1
       0
       0
       0
       0
       0
       0
       0
       0
       1
       0
       0
       0
       0
       0
       0
       0
       0
       0
       0
       0
       0
       1
       0
       0
       0
       0
       0
       0
       0
       0
       0
       1
       0
       1
       1
       0
       0
       0
       0
       0
       0
       0
       0
       1
       0
       0
       0
       0
       0
       0
       0
       1
       1
       0
       0
       0
       0
       0
       0
       0
       0
       0
       0
       1
       0
       0
       0
       0
       0
       0
       0
       0
       0
       0
       0
       0
       1
       0
       0
       0
       0
       0
       0
       0
       0
       0
       0
       0
       1
       0
       0
       0
       1
       1
       1
       1
       0
       2
       2
       0
       2
       2
       2
       1
       2
       2
       1
       0
       0
       0
       0
       1
       1
       0
       0
       0
       0
       0
       2
       0
       0
       0
       0
       0
       0
       0
       0
       0
       1
       0
       0
       0
       0
       0
       0
       0
       0
       0
       1
       0
       0
       0
       0
       0
       0
       1
       0
       0
       0
       0
       0
       0
       0
       0
       0
       0
       1
       0
       0
       0
       0
       0
       0
       0
       0
       2
       0
       1
       0
       0
       0
       0
       0
       2
       0
       0
       0
       0
       0
       0
       1
       0
       1
       1
       0
       0
       1
       1
       1
       2
       0
       0
       0
       0
       0
       0
       0
       0
       0
       0
       0
       0
       0
       1
       0
       0
       0
       0
       0
       0
       1
       0
       0
       1
       0
       1
       0
       0
       0
       0
       0
       0
       0
       0
       0
       0
       0
       0
       0
       0
       0
       1
       1
       0
       1
       1
       1
       2
       1
       0
       0
       1
       0
       0
       0
       0
       0
       0
       0
       0
       0
       1
       0
       0
       1
       0
       0
       0
$ROI:
21
39 63
364 388
441 465
481 505
1441 1465
1675 1699
1726 1750
2042 2066
2100 2124
2234 2258
2352 2376
2446 2470
2557 2581
2588 2612
2690 2714
3385 3409
3555 3579
4080 4104
4949 4973
5045 5069
7410 7434
$PRESETS:
None
0
0
$ENER_FIT:
0.407145 0.294376
$MCA_CAL:
3
4.071453E-001 2.943757E-001 0.000000E+000 keV
$SHAPE_CAL:
3
5.672171E+000 5.431034E-004 0.000000E+000
