$SPEC_ID:
 
$SPEC_REM:
DET# 1
DETDESC# DS50-19098140 MCB 1
AP# GammaVision Version 6.08
$DATE_MEA:
07/21/2020 12:47:30
$MEAS_TIM:
1800 1866
$DATA:
0 8191
       0
       0
       0
       0
       0
       0
       0
       0
       0
       0
       0
       0
       0
       0
       0
       0
       0
       0
       0
       0
       0
       0
       0
       0
       0
       0
       0
       0
       0
       0
       0
       0
       0
       0
       0
       0
       0
       0
       0
       0
       0
       0
       0
       0
       0
       0
       0
       0
       0
       9
    3032
    3125
    3109
    3095
    2903
    2968
    2930
    2950
    2875
    2986
    2961
    2855
    2831
    2904
    2865
    2870
    2788
    2818
    2780
    2809
    2828
    2832
    2834
    2794
    2789
    2758
    2792
    2766
    2750
    2785
    2767
    2752
    2631
    2673
    2730
    2715
    2786
    2718
    2656
    2628
    2691
    2742
    2677
    2701
    2654
    2593
    2587
    2545
    2609
    2631
    2616
    2620
    2587
    2576
    2605
    2539
    2515
    2571
    2537
    2589
    2628
    2676
    2556
    2458
    2486
    2576
    2449
    2513
    2474
    2387
    2454
    2455
    2469
    2436
    2442
    2424
    2327
    2316
    2379
    2282
    2247
    2273
    2282
    2280
    2290
    2203
    2177
    2272
    2121
    2158
    2096
    2123
    2073
    2076
    2042
    1993
    2020
    1919
    1987
    1928
    1873
    1876
    1822
    1759
    1811
    1766
    1757
    1796
    1678
    1619
    1637
    1597
    1590
    1556
    1566
    1523
    1400
    1475
    1420
    1382
    1330
    1354
    1336
    1324
    1262
    1270
    1200
    1216
    1185
    1195
    1119
    1116
    1115
    1100
    1063
    1040
    1063
    1013
     990
     954
     953
     985
     868
     929
     856
     868
     831
     835
     850
     859
     874
     802
     834
     739
     838
     819
     778
     745
     712
     757
     763
     744
     705
     708
     717
     689
     680
     724
     648
     670
     703
     660
     721
     661
     663
     689
     693
     720
     673
     683
     695
     692
     651
     664
     712
     616
     645
     671
     690
     655
     641
     655
     662
     705
     618
     700
     704
     687
     654
     649
     645
     684
     718
     697
     673
     662
     678
     653
     641
     629
     673
     645
     669
     635
     647
     665
     651
     621
     624
     655
     620
     660
     630
     642
     691
     578
     592
     581
     594
     643
     662
     661
     646
     644
     629
     651
     636
     725
     670
     696
     654
     649
     670
     671
     645
     618
     615
     709
     660
     640
     705
     706
     677
     614
     635
     689
     675
     677
     686
     681
     652
     704
     769
     725
     745
     726
     701
     674
     777
     763
     779
     763
     776
     750
     787
     787
     751
     772
     780
     794
     801
     865
     874
     973
     937
     942
     866
     879
     822
     796
     791
     782
     797
     814
     811
     785
     765
     814
     819
     785
     818
     779
     835
     836
     842
     835
     860
     861
     868
     919
     864
     857
     972
     909
     901
     942
     899
     889
     945
     989
     949
    1010
    1087
    1043
    1137
    1191
    1202
    1176
    1167
    1176
    1093
    1047
    1051
    1038
    1037
    1066
    1154
    1065
    1065
    1132
    1172
    1128
    1098
    1101
    1026
    1118
    1134
    1096
    1044
    1117
    1052
    1100
    1087
    1117
    1102
    1127
    1113
    1099
    1105
    1194
    1112
    1233
    1221
    1167
    1160
    1186
    1204
    1171
    1221
    1234
    1192
    1288
    1308
    1309
    1282
    1306
    1307
    1283
    1313
    1254
    1339
    1351
    1379
    1295
    1356
    1360
    1382
    1352
    1427
    1382
    1450
    1418
    1438
    1485
    1466
    1554
    1593
    1900
    2245
    2945
    3797
    4401
    5020
    5106
    4497
    3572
    2729
    2091
    1604
    1370
    1288
    1223
    1204
    1260
    1233
    1274
    1218
    1281
    1288
    1313
    1275
    1281
    1243
    1283
    1287
    1291
    1246
    1339
    1313
    1278
    1241
    1302
    1352
    1382
    1413
    1333
    1322
    1352
    1406
    1361
    1459
    1503
    1479
    1586
    1581
    1556
    1454
    1437
    1432
    1394
    1437
    1398
    1396
    1357
    1413
    1344
    1470
    1402
    1442
    1388
    1449
    1386
    1424
    1487
    1477
    1479
    1464
    1448
    1477
    1453
    1492
    1511
    1431
    1390
    1487
    1481
    1449
    1561
    1474
    1522
    1503
    1495
    1520
    1495
    1496
    1583
    1541
    1527
    1534
    1556
    1476
    1586
    1595
    1526
    1586
    1540
    1544
    1491
    1544
    1533
    1619
    1511
    1618
    1505
    1589
    1596
    1547
    1589
    1611
    1563
    1660
    1622
    1677
    1622
    1576
    1643
    1691
    1606
    1629
    1640
    1645
    1646
    1648
    1640
    1675
    1668
    1654
    1704
    1655
    1665
    1659
    1716
    1686
    1669
    1689
    1673
    1736
    1718
    1710
    1741
    1715
    1656
    1732
    1713
    1671
    1761
    1762
    1713
    1754
    1771
    1743
    1857
    1744
    1826
    1785
    1803
    1680
    1775
    1684
    1698
    1759
    1859
    1800
    1741
    1792
    1800
    1766
    1832
    1851
    1851
    1851
    1828
    1817
    1850
    1813
    1838
    1811
    1877
    1878
    1885
    1877
    1891
    1808
    1877
    1899
    1870
    1876
    1904
    1884
    1947
    2002
    1932
    2021
    1972
    1986
    2005
    2073
    2052
    1999
    2072
    2098
    2106
    2006
    2185
    2204
    2110
    2217
    2101
    2186
    2158
    2208
    2209
    2152
    2173
    2219
    2207
    2129
    2195
    2255
    2246
    2116
    2220
    2158
    2185
    2214
    2223
    2220
    2199
    2214
    2176
    2143
    2140
    2219
    2171
    2195
    2142
    2135
    2145
    2144
    2111
    2149
    2121
    2132
    2132
    2114
    2184
    2109
    2102
    2069
    2132
    2134
    2068
    2074
    2125
    2063
    2059
    2140
    2061
    2152
    2065
    2136
    2045
    2011
    2147
    2073
    2043
    2138
    2027
    2099
    2002
    2138
    1999
    2034
    1991
    1997
    1987
    1998
    2032
    1978
    1976
    1989
    1997
    1963
    1970
    1980
    1937
    1935
    2002
    1956
    1935
    1872
    1943
    1943
    1948
    1910
    1984
    1902
    1890
    1993
    1922
    1860
    1908
    1861
    1884
    1872
    1894
    1927
    1895
    1863
    1868
    1935
    1898
    1965
    1968
    1941
    1874
    1908
    1876
    1796
    1820
    1816
    1873
    1829
    1863
    1866
    1822
    1845
    1841
    1859
    1846
    1843
    1886
    1859
    1840
    1780
    1798
    1807
    1815
    1790
    1730
    1787
    1855
    1732
    1837
    1813
    1809
    1834
    1809
    1874
    1867
    1886
    1792
    1854
    1842
    1836
    1780
    1773
    1770
    1758
    1702
    1765
    1718
    1726
    1694
    1697
    1735
    1704
    1727
    1703
    1686
    1766
    1710
    1726
    1731
    1705
    1706
    1676
    1694
    1670
    1745
    1670
    1676
    1680
    1654
    1566
    1727
    1592
    1721
    1623
    1723
    1643
    1582
    1661
    1675
    1626
    1717
    1690
    1586
    1611
    1617
    1594
    1698
    1725
    1662
    1704
    1619
    1611
    1542
    1648
    1613
    1696
    1531
    1671
    1565
    1607
    1593
    1604
    1642
    1661
    1578
    1571
    1569
    1610
    1595
    1592
    1603
    1618
    1632
    1621
    1562
    1562
    1576
    1648
    1594
    1531
    1606
    1532
    1536
    1620
    1611
    1550
    1577
    1557
    1545
    1554
    1568
    1535
    1545
    1532
    1522
    1573
    1552
    1536
    1544
    1513
    1528
    1608
    1594
    1543
    1560
    1581
    1518
    1440
    1510
    1500
    1600
    1497
    1450
    1505
    1510
    1516
    1558
    1466
    1569
    1447
    1538
    1483
    1476
    1543
    1514
    1558
    1501
    1529
    1551
    1537
    1507
    1545
    1472
    1457
    1506
    1516
    1488
    1517
    1435
    1473
    1484
    1508
    1456
    1467
    1483
    1468
    1462
    1474
    1439
    1490
    1441
    1415
    1549
    1558
    1435
    1480
    1497
    1459
    1475
    1434
    1409
    1467
    1464
    1424
    1456
    1443
    1379
    1445
    1382
    1415
    1450
    1397
    1506
    1453
    1407
    1397
    1485
    1492
    1423
    1447
    1458
    1427
    1457
    1520
    1401
    1420
    1370
    1456
    1412
    1405
    1444
    1452
    1375
    1392
    1392
    1388
    1378
    1365
    1440
    1411
    1429
    1387
    1376
    1406
    1428
    1365
    1370
    1361
    1356
    1404
    1391
    1393
    1406
    1361
    1472
    1406
    1366
    1399
    1418
    1396
    1465
    1401
    1338
    1348
    1408
    1384
    1421
    1390
    1423
    1339
    1403
    1318
    1386
    1343
    1369
    1328
    1313
    1379
    1328
    1283
    1298
    1393
    1374
    1406
    1390
    1301
    1309
    1384
    1302
    1394
    1340
    1387
    1336
    1370
    1304
    1281
    1288
    1300
    1314
    1337
    1342
    1346
    1279
    1363
    1354
    1310
    1337
    1370
    1348
    1360
    1312
    1305
    1301
    1303
    1381
    1340
    1367
    1374
    1381
    1328
    1383
    1302
    1325
    1255
    1393
    1364
    1330
    1292
    1343
    1358
    1362
    1320
    1299
    1330
    1253
    1382
    1329
    1346
    1345
    1341
    1340
    1346
    1301
    1379
    1382
    1277
    1383
    1351
    1290
    1341
    1331
    1326
    1248
    1361
    1274
    1346
    1342
    1358
    1349
    1350
    1277
    1274
    1342
    1240
    1376
    1281
    1372
    1258
    1272
    1314
    1302
    1263
    1333
    1190
    1300
    1300
    1375
    1261
    1229
    1306
    1333
    1308
    1266
    1250
    1262
    1282
    1308
    1293
    1250
    1344
    1362
    1335
    1316
    1262
    1263
    1265
    1307
    1326
    1288
    1351
    1307
    1351
    1316
    1327
    1311
    1279
    1311
    1303
    1340
    1312
    1279
    1293
    1290
    1325
    1236
    1284
    1259
    1295
    1279
    1312
    1313
    1253
    1288
    1302
    1312
    1344
    1255
    1320
    1243
    1294
    1313
    1256
    1322
    1260
    1310
    1274
    1299
    1291
    1303
    1282
    1291
    1258
    1275
    1307
    1256
    1334
    1270
    1296
    1250
    1252
    1306
    1285
    1272
    1284
    1279
    1289
    1291
    1262
    1278
    1312
    1313
    1259
    1263
    1271
    1315
    1298
    1251
    1253
    1307
    1304
    1291
    1354
    1308
    1255
    1285
    1277
    1261
    1272
    1288
    1237
    1308
    1288
    1294
    1219
    1186
    1250
    1307
    1247
    1326
    1231
    1281
    1263
    1303
    1329
    1331
    1265
    1225
    1217
    1228
    1222
    1281
    1286
    1245
    1259
    1294
    1244
    1165
    1264
    1254
    1234
    1200
    1282
    1331
    1229
    1277
    1282
    1227
    1253
    1217
    1239
    1213
    1232
    1278
    1372
    1233
    1250
    1306
    1326
    1282
    1283
    1209
    1273
    1194
    1236
    1223
    1326
    1283
    1252
    1221
    1250
    1240
    1258
    1320
    1256
    1276
    1259
    1252
    1237
    1269
    1288
    1234
    1294
    1191
    1230
    1162
    1214
    1302
    1223
    1247
    1193
    1257
    1293
    1208
    1315
    1316
    1215
    1285
    1308
    1241
    1260
    1274
    1248
    1230
    1246
    1270
    1281
    1261
    1297
    1277
    1265
    1288
    1277
    1256
    1286
    1278
    1175
    1300
    1221
    1266
    1265
    1221
    1237
    1312
    1233
    1167
    1277
    1236
    1214
    1205
    1271
    1277
    1250
    1234
    1265
    1257
    1247
    1286
    1213
    1209
    1265
    1282
    1278
    1268
    1231
    1273
    1233
    1218
    1221
    1291
    1247
    1284
    1217
    1205
    1273
    1264
    1293
    1202
    1201
    1213
    1260
    1254
    1192
    1247
    1196
    1269
    1346
    1260
    1204
    1199
    1248
    1233
    1273
    1280
    1291
    1255
    1211
    1221
    1173
    1266
    1271
    1268
    1334
    1226
    1276
    1237
    1258
    1230
    1258
    1287
    1210
    1238
    1198
    1246
    1246
    1277
    1206
    1241
    1238
    1260
    1266
    1195
    1250
    1175
    1196
    1219
    1277
    1230
    1252
    1221
    1193
    1295
    1213
    1284
    1238
    1319
    1360
    1467
    1474
    1552
    1555
    1478
    1365
    1363
    1315
    1257
    1246
    1232
    1275
    1209
    1219
    1249
    1243
    1205
    1263
    1242
    1227
    1241
    1240
    1194
    1240
    1270
    1209
    1242
    1207
    1291
    1223
    1299
    1232
    1268
    1280
    1173
    1193
    1227
    1190
    1248
    1242
    1213
    1210
    1297
    1247
    1232
    1293
    1297
    1199
    1287
    1212
    1247
    1220
    1292
    1255
    1325
    1224
    1269
    1237
    1300
    1252
    1225
    1277
    1205
    1279
    1234
    1241
    1233
    1257
    1185
    1247
    1266
    1221
    1223
    1222
    1192
    1272
    1241
    1177
    1226
    1247
    1234
    1254
    1219
    1244
    1256
    1250
    1281
    1246
    1237
    1211
    1328
    1221
    1212
    1232
    1229
    1242
    1248
    1238
    1288
    1250
    1226
    1221
    1290
    1235
    1249
    1226
    1244
    1273
    1279
    1286
    1252
    1257
    1231
    1237
    1222
    1270
    1212
    1302
    1265
    1288
    1340
    1396
    1364
    1390
    1337
    1312
    1310
    1420
    1263
    1237
    1222
    1224
    1296
    1348
    1253
    1268
    1243
    1235
    1253
    1249
    1218
    1339
    1243
    1302
    1325
    1233
    1251
    1268
    1232
    1295
    1248
    1314
    1197
    1311
    1231
    1225
    1265
    1243
    1257
    1318
    1295
    1268
    1324
    1368
    1316
    1226
    1263
    1259
    1318
    1305
    1313
    1337
    1297
    1323
    1245
    1318
    1357
    1279
    1310
    1271
    1300
    1298
    1322
    1264
    1278
    1378
    1315
    1272
    1294
    1292
    1345
    1235
    1247
    1318
    1254
    1307
    1240
    1235
    1288
    1333
    1268
    1161
    1239
    1279
    1309
    1254
    1240
    1296
    1329
    1288
    1250
    1246
    1249
    1316
    1288
    1251
    1270
    1306
    1259
    1320
    1261
    1287
    1220
    1314
    1244
    1313
    1336
    1291
    1275
    1297
    1423
    1556
    1700
    2320
    2843
    3509
    3965
    4329
    4050
    3628
    3022
    2378
    1893
    1518
    1345
    1371
    1298
    1234
    1278
    1198
    1214
    1220
    1238
    1219
    1190
    1264
    1242
    1265
    1209
    1202
    1254
    1298
    1269
    1263
    1235
    1251
    1298
    1238
    1254
    1234
    1210
    1353
    1261
    1211
    1278
    1241
    1208
    1247
    1307
    1343
    1386
    1557
    1945
    2572
    3490
    4572
    5305
    5788
    5656
    5035
    4225
    3192
    2398
    1787
    1498
    1351
    1280
    1174
    1194
    1140
    1142
    1151
    1191
    1180
    1214
    1184
    1183
    1224
    1138
    1207
    1219
    1250
    1149
    1188
    1154
    1185
    1184
    1260
    1152
    1204
    1229
    1231
    1157
    1186
    1213
    1169
    1164
    1217
    1167
    1186
    1173
    1182
    1188
    1191
    1141
    1217
    1190
    1240
    1218
    1246
    1218
    1157
    1198
    1177
    1134
    1228
    1271
    1218
    1198
    1180
    1163
    1260
    1237
    1156
    1142
    1200
    1207
    1206
    1192
    1175
    1216
    1262
    1230
    1226
    1241
    1182
    1160
    1246
    1180
    1136
    1175
    1178
    1162
    1230
    1227
    1168
    1220
    1157
    1229
    1188
    1178
    1181
    1250
    1256
    1205
    1220
    1177
    1257
    1195
    1195
    1225
    1229
    1201
    1198
    1156
    1152
    1208
    1204
    1221
    1232
    1222
    1192
    1233
    1228
    1215
    1228
    1174
    1180
    1210
    1275
    1205
    1181
    1242
    1196
    1236
    1237
    1216
    1193
    1288
    1208
    1245
    1265
    1209
    1226
    1223
    1193
    1239
    1228
    1203
    1205
    1283
    1206
    1303
    1199
    1300
    1271
    1299
    1164
    1253
    1281
    1293
    1342
    1247
    1181
    1248
    1251
    1220
    1200
    1262
    1251
    1262
    1206
    1238
    1239
    1202
    1257
    1227
    1352
    1232
    1312
    1368
    1381
    1381
    1373
    1342
    1339
    1344
    1258
    1241
    1317
    1253
    1257
    1199
    1257
    1182
    1262
    1251
    1225
    1359
    1344
    1364
    1413
    1497
    1467
    1506
    1398
    1399
    1348
    1309
    1334
    1256
    1319
    1233
    1315
    1281
    1261
    1296
    1298
    1257
    1381
    1307
    1293
    1276
    1274
    1233
    1311
    1208
    1260
    1255
    1289
    1276
    1256
    1189
    1271
    1239
    1274
    1245
    1235
    1266
    1217
    1248
    1232
    1205
    1200
    1221
    1235
    1238
    1179
    1205
    1249
    1195
    1244
    1241
    1220
    1194
    1267
    1235
    1221
    1225
    1189
    1145
    1245
    1310
    1239
    1268
    1282
    1233
    1247
    1237
    1162
    1231
    1222
    1194
    1215
    1208
    1286
    1232
    1192
    1160
    1217
    1240
    1183
    1213
    1110
    1244
    1200
    1213
    1222
    1208
    1277
    1169
    1201
    1199
    1214
    1195
    1129
    1261
    1214
    1211
    1225
    1221
    1244
    1227
    1223
    1254
    1263
    1295
    1325
    1381
    1398
    1368
    1407
    1305
    1298
    1253
    1248
    1262
    1358
    1556
    1827
    1968
    2285
    2434
    2501
    2477
    2222
    1902
    1699
    1506
    1377
    1335
    1282
    1303
    1193
    1254
    1231
    1209
    1286
    1265
    1332
    1396
    1444
    1368
    1430
    1350
    1280
    1297
    1214
    1229
    1233
    1256
    1218
    1156
    1166
    1248
    1216
    1198
    1212
    1276
    1362
    1349
    1382
    1366
    1318
    1324
    1379
    1235
    1285
    1239
    1240
    1279
    1214
    1227
    1265
    1304
    1361
    1524
    1831
    2290
    2742
    3073
    3359
    3366
    3271
    2682
    2289
    1876
    1647
    1350
    1309
    1247
    1254
    1219
    1238
    1209
    1167
    1274
    1202
    1200
    1236
    1286
    1232
    1291
    1224
    1247
    1231
    1175
    1240
    1201
    1227
    1261
    1233
    1257
    1207
    1237
    1185
    1221
    1233
    1268
    1288
    1168
    1280
    1214
    1216
    1191
    1230
    1270
    1291
    1322
    1336
    1243
    1295
    1315
    1225
    1281
    1229
    1227
    1251
    1263
    1199
    1215
    1275
    1221
    1263
    1227
    1269
    1226
    1185
    1258
    1251
    1320
    1242
    1139
    1247
    1195
    1182
    1235
    1239
    1219
    1285
    1275
    1252
    1313
    1183
    1237
    1260
    1274
    1315
    1309
    1253
    1261
    1295
    1246
    1230
    1254
    1254
    1204
    1217
    1285
    1249
    1223
    1308
    1296
    1228
    1263
    1235
    1221
    1212
    1236
    1177
    1236
    1195
    1258
    1249
    1262
    1213
    1300
    1208
    1238
    1192
    1318
    1274
    1283
    1216
    1226
    1274
    1365
    1409
    1785
    2385
    3629
    5858
    9029
   13215
   17898
   21491
   23243
   22674
   19474
   15139
   10648
    6882
    4225
    2650
    1664
    1364
    1174
    1090
    1086
    1079
    1067
    1045
    1087
    1077
     998
    1091
    1119
    1083
    1098
    1109
    1101
    1125
    1077
    1170
    1095
    1068
    1073
    1045
    1113
    1036
    1079
    1068
    1076
    1022
    1146
    1069
    1023
    1050
    1077
    1056
    1060
    1071
    1086
    1146
    1102
    1087
    1117
    1118
    1125
    1113
    1120
    1104
    1114
    1119
    1073
    1096
    1066
    1109
    1136
    1090
    1108
    1111
    1103
    1089
    1123
    1124
    1097
    1093
    1136
    1153
    1132
    1053
    1135
    1065
    1120
    1170
    1144
    1096
    1024
    1083
    1041
    1092
    1044
    1104
    1119
    1069
    1098
    1068
    1061
    1119
    1084
    1097
    1041
    1155
    1143
    1115
    1104
    1169
    1102
    1065
    1119
    1049
    1109
    1070
    1078
    1148
    1143
    1175
    1386
    1702
    2153
    2764
    3501
    4133
    4500
    4487
    4198
    3577
    2827
    2237
    1750
    1353
    1217
    1195
    1101
    1151
    1102
    1043
    1049
    1049
    1153
    1095
    1153
    1101
    1102
    1070
    1047
    1065
    1099
    1092
    1111
    1096
    1133
    1080
    1102
    1106
    1052
    1098
    1099
    1066
    1123
    1101
    1118
    1081
    1092
    1067
    1094
    1114
    1170
    1104
    1147
    1037
    1123
    1103
    1070
    1187
    1082
    1076
    1080
    1101
    1075
    1151
    1125
    1182
    1101
    1073
    1089
    1154
    1143
    1080
    1152
    1074
    1072
    1163
    1122
    1098
    1175
    1102
    1161
    1082
    1140
    1124
    1098
    1120
    1124
    1176
    1211
    1120
    1224
    1278
    1489
    1982
    3028
    4798
    7597
   11443
   16001
   20160
   22494
   23176
   21193
   17153
   12739
    8698
    5225
    3234
    1962
    1407
    1171
    1010
    1023
     981
     946
     952
     971
     986
    1003
     943
     947
     973
    1013
     936
     933
     939
     980
     937
     992
     971
    1021
     982
     965
     908
     920
     921
     956
     948
     982
     915
     964
     988
     958
     959
     994
     992
     958
     952
     958
     978
     990
     993
     945
     949
     916
     969
     975
     972
     992
     963
     964
     997
     998
     968
     985
     974
     979
     956
    1027
    1003
    1025
     968
     979
     971
    1023
    1003
     993
    1006
     950
     923
    1004
     957
     974
     980
     985
     993
    1049
     997
     988
    1003
    1041
    1021
     982
     991
     986
    1012
    1002
    1005
    1063
    1031
    1070
    1122
    1280
    1785
    2619
    4468
    7242
   11482
   16309
   21581
   25991
   27915
   27272
   23289
   18240
   12860
    8261
    4908
    2861
    1774
    1220
     978
     889
     830
     852
     797
     774
     808
     823
     874
     872
    1033
    1431
    2310
    4240
    8257
   15606
   27291
   44134
   64590
   84135
  100282
  105166
   99411
   84920
   64021
   43168
   26309
   14577
    7143
    3135
    1377
     526
     263
     160
     131
      78
      85
      73
      66
      56
      64
      58
      61
      69
      53
      58
      74
      48
      54
      60
      53
      60
      57
      49
      60
      51
      49
      43
      59
      55
      60
      68
      42
      46
      63
      49
      48
      55
      47
      48
      54
      44
      45
      50
      45
      53
      40
      68
      46
      50
      46
      46
      50
      52
      46
      57
      45
      48
      44
      59
      45
      53
      61
      49
      51
      54
      49
      46
      45
      48
      50
      43
      34
      42
      44
      49
      45
      36
      60
      42
      34
      51
      51
      42
      67
      60
     118
     207
     313
     491
     727
     877
     938
    1108
    1070
     908
     714
     492
     347
     196
     105
      81
      51
      48
      38
      28
      42
      45
      56
      80
      89
     105
     124
     135
     162
     148
     133
     107
      83
      62
      53
      40
      37
      33
      30
      36
      47
      36
      42
      29
      35
      38
      33
      36
      38
      41
      40
      33
      47
      34
      38
      31
      36
      35
      43
      31
      46
      44
      44
      35
      44
      46
      51
      49
      42
      45
      38
      47
      47
      45
      37
      35
      41
      46
      38
      37
      41
      42
      42
      41
      34
      42
      36
      28
      34
      31
      38
      25
      42
      38
      43
      28
      46
      36
      39
      41
      36
      41
      39
      37
      38
      36
      45
      28
      31
      31
      33
      36
      33
      27
      39
      39
      31
      40
      38
      27
      31
      36
      37
      33
      35
      34
      36
      36
      26
      31
      30
      41
      34
      37
      22
      34
      28
      38
      36
      39
      35
      37
      27
      46
      39
      39
      36
      39
      38
      39
      38
      28
      26
      34
      38
      23
      30
      32
      38
      40
      40
      34
      36
      35
      40
      40
      29
      36
      32
      31
      28
      39
      35
      27
      37
      32
      35
      22
      35
      30
      31
      32
      31
      24
      37
      32
      30
      39
      29
      29
      32
      25
      29
      35
      30
      34
      34
      32
      36
      33
      34
      37
      28
      37
      40
      33
      33
      39
      34
      38
      40
      25
      28
      30
      29
      30
      28
      37
      35
      46
      30
      25
      36
      30
      27
      35
      28
      27
      26
      21
      35
      28
      49
      29
      32
      34
      32
      46
      40
      35
      44
      40
      33
      30
      50
      33
      28
      31
      31
      37
      41
      28
      29
      31
      39
      26
      39
      41
      34
      46
      20
      37
      31
      41
      38
      53
      69
      79
      79
     119
     121
     122
     112
     121
      93
      71
      64
      37
      31
      28
      42
      34
      33
      24
      31
      24
      34
      24
      31
      29
      29
      36
      33
      27
      32
      29
      31
      26
      34
      34
      34
      19
      25
      25
      30
      18
      40
      23
      50
      29
      27
      33
      40
      34
      45
      28
      34
      26
      29
      28
      28
      31
      31
      23
      38
      37
      33
      35
      35
      27
      29
      28
      29
      23
      39
      32
      28
      21
      34
      34
      33
      38
      22
      30
      27
      22
      37
      18
      27
      24
      28
      35
      34
      28
      30
      25
      33
      34
      36
      31
      37
      32
      30
      32
      28
      27
      22
      27
      32
      32
      21
      38
      27
      32
      40
      25
      29
      34
      31
      32
      26
      32
      32
      32
      28
      28
      25
      38
      24
      32
      27
      28
      34
      28
      33
      27
      32
      29
      27
      39
      28
      33
      24
      33
      27
      33
      36
      23
      35
      27
      24
      28
      34
      25
      34
      26
      33
      33
      28
      32
      32
      33
      34
      29
      30
      25
      30
      26
      40
      32
      25
      30
      27
      30
      36
      39
      29
      32
      22
      32
      26
      30
      30
      35
      19
      23
      25
      32
      35
      27
      37
      31
      29
      37
      27
      24
      35
      32
      25
      20
      21
      26
      35
      28
      20
      31
      30
      20
      31
      33
      21
      21
      18
      27
      26
      30
      29
      30
      34
      25
      37
      32
      21
      21
      27
      28
      28
      38
      24
      21
      22
      32
      28
      28
      19
      29
      30
      20
      23
      37
      31
      24
      25
      24
      28
      26
      33
      23
      34
      29
      30
      33
      43
      30
      27
      24
      32
      26
      30
      21
      24
      20
      22
      23
      24
      39
      34
      35
      34
      23
      24
      35
      21
      36
      27
      29
      32
      23
      15
      20
      31
      23
      25
      29
      37
      22
      17
      27
      25
      22
      27
      25
      29
      19
      33
      26
      25
      34
      32
      28
      32
      32
      30
      23
      24
      24
      29
      21
      25
      24
      24
      29
      27
      24
      18
      26
      31
      23
      35
      20
      22
      31
      16
      21
      12
      21
      26
      27
      24
      21
      26
      24
      27
      21
      22
      27
      20
      30
      25
      20
      33
      28
      25
      29
      30
      21
      23
      39
      33
      23
      22
      22
      27
      13
      27
      27
      17
      23
      28
      22
      28
      22
      28
      33
      29
      41
      36
      25
      21
      28
      32
      21
      20
      16
      34
      30
      21
      24
      27
      24
      24
      21
      21
      21
      42
      28
      27
      24
      25
      26
      27
      30
      28
      25
      31
      20
      23
      31
      24
      27
      18
      30
      26
      27
      21
      25
      21
      22
      22
      13
      24
      26
      27
      17
      23
      25
      29
      26
      23
      31
      16
      24
      20
      29
      31
      27
      30
      26
      30
      25
      39
      25
      25
      20
      31
      23
      26
      22
      17
      14
      29
      19
      22
      20
      17
      30
      28
      24
      19
      28
      25
      21
      19
      26
      28
      33
      33
      33
      28
      31
      32
      27
      20
      20
      20
      35
      26
      18
      27
      20
      25
      23
      32
      20
      29
      18
      23
      19
      25
      19
      17
      26
      15
      17
      15
      23
      21
      27
      35
      32
      26
      18
      19
      25
      25
      19
      23
      26
      14
      21
      22
      18
      21
      31
      24
      20
      25
      21
      27
      23
      20
      25
      25
      31
      30
      29
      18
      27
      18
      20
      29
      14
      29
      32
      26
      22
      20
      30
      28
      30
      20
      20
      25
      18
      31
      27
      34
      20
      22
      28
      17
      38
      25
      19
      25
      29
      25
      22
      22
      25
      19
      21
      23
      21
      13
      29
      20
      22
      16
      31
      17
      30
      18
      23
      18
      22
      27
      31
      31
      25
      26
      27
      34
      32
      39
      36
      24
      33
      13
      20
      17
      35
      22
      19
      22
      19
      18
      18
      20
      25
      25
      26
      21
      30
      18
      20
      20
      21
      19
      20
      12
      28
      21
      34
      41
      50
      71
     114
     139
     202
     263
     275
     285
     266
     251
     185
     164
     103
      70
      42
      40
      19
      21
      26
      33
      29
      21
      13
      26
      24
      26
      14
      17
      19
      24
      21
      26
      16
      14
      22
      27
      19
      21
      22
      15
      16
      19
      16
      27
      28
      32
      19
      36
      21
      27
      28
      23
      19
      27
      19
      15
      29
      19
      17
      20
      29
      19
      19
      20
      16
      15
      17
      16
      20
      10
      21
      12
      19
      14
      22
      19
      16
      23
      12
      20
      20
      28
      18
      19
      14
      16
      15
      19
      20
      19
      26
      24
      21
      22
      21
      22
      17
      23
      27
      17
      22
      23
      25
      23
      21
      26
      22
      20
      19
      21
      17
      20
      13
      19
      19
      17
      16
      29
       9
      22
      21
      24
      23
      22
      14
      19
      26
      16
      20
      23
      26
      20
      28
      20
      28
      23
      15
      20
      15
      18
      28
      21
      19
      12
      18
      17
      16
      17
      23
      21
      20
      24
      14
      18
      20
      25
      20
      23
      21
      22
      15
      23
      23
      18
      26
      12
      17
      15
      17
      16
      18
      19
      22
      17
      22
      18
      13
      23
      16
      21
      20
      18
      12
      30
      34
      20
      21
      14
      27
      20
      25
      19
      21
      17
      16
      21
      20
      18
      14
      17
      21
      17
      19
      23
      21
      29
      17
      17
      25
      24
      17
      20
      27
      19
      16
      22
      13
      17
      25
      21
      18
      12
      20
      14
      14
      13
      23
      25
      13
      24
      14
      22
      15
      18
      13
      15
      24
      19
      21
       9
      22
      16
      20
      23
      21
      20
      17
      26
      19
      14
      20
      16
      20
      19
      21
      19
      19
      23
      23
      17
      10
      18
      15
      19
      31
      43
      39
      40
      52
      69
      86
      92
      71
      63
      73
      54
      35
      26
      19
      15
      21
      18
      16
      18
      20
      14
      19
      19
      21
      15
      11
      23
      22
      19
      15
      15
      20
      19
      21
      18
      10
      17
      17
      17
      18
      12
      12
      15
      13
      17
      18
      17
      23
      18
      26
      19
      18
      20
      16
      19
      22
      21
      12
      13
      24
      21
      13
      16
      12
      19
      25
      11
      25
      12
      11
      18
      14
      14
      21
      15
      17
      14
      14
      23
      17
      14
      32
      22
       9
      15
      21
       9
      13
      27
      19
      20
      20
      17
      10
      16
      17
      19
      20
      18
      19
      14
      18
      21
      20
      17
      13
      18
      16
      23
      14
      12
      12
      20
      16
      18
      13
      15
      20
      15
       8
      21
      11
      17
      17
      22
      15
      12
      32
      13
      17
      19
      20
      13
      20
      17
      17
      10
      26
      31
      38
      43
      36
      35
      29
      26
      30
      26
      24
      17
      14
      28
      18
      14
      19
      13
      15
      14
      18
      15
      15
      14
      14
      16
      13
      19
      18
      13
      18
      22
      25
      20
       9
      11
       9
      17
      20
      25
      22
      17
      25
      21
      21
      22
      17
      26
      22
      19
      18
       9
      15
      15
      17
      18
       9
      16
      17
      16
      15
      18
      12
      24
      14
      24
      20
      12
      15
      11
      18
      16
      18
      17
      23
      20
      13
      18
      15
      18
      10
      18
       9
      22
      14
      15
      12
      17
      21
      10
       9
      21
      27
      23
      25
      26
      21
      20
      20
      14
      19
      12
      12
      19
      13
       8
       6
      17
      18
      17
       6
      14
      14
      16
      20
       9
      12
      16
       9
      14
      17
      22
      21
      21
      39
      53
      62
      74
      75
      83
      95
      73
      58
      44
      33
      25
      26
      21
      12
      21
      17
       6
      14
      23
      18
      15
      21
      16
      16
      17
      14
      11
      11
      17
      11
      11
       8
       9
      18
      10
      15
      10
      11
      14
      12
       8
      18
      13
      12
      19
       8
      10
      11
       7
       8
      16
      17
      17
       8
      19
      15
       8
      18
      14
      15
      17
      18
       8
      18
      11
      17
      17
      16
      14
      15
      17
      22
      17
      14
       6
      19
      16
      10
       9
      18
      18
      16
       6
      14
      16
      13
      10
      12
      10
      18
      17
      15
      22
      14
      12
      13
      12
      10
      13
      20
      11
      15
       8
      10
      16
       9
      11
      17
      15
      12
      14
      10
      19
      14
      13
      14
      19
      11
      12
      15
      10
       9
      14
       9
      16
      14
      14
      16
      13
      13
      18
      12
      12
      17
      19
       9
      19
      11
       8
      16
      11
      16
      15
      17
      21
      14
      13
      25
      12
      11
       9
      15
      25
      12
      18
      23
      22
      13
      16
      10
      15
      15
      19
      14
      22
      12
      16
      12
      13
      15
      17
      13
      21
      16
      19
      17
      11
      10
      17
      13
      11
      16
      16
      18
      10
      16
      16
      15
      13
      13
      15
      12
      15
      11
      17
      17
      10
      15
       8
      11
       9
      12
      10
      14
      13
      17
      15
      12
      13
      13
      10
      10
      16
      19
      14
       9
      13
      11
      10
      13
      11
      22
      12
      21
      16
      18
      15
      15
       9
       9
      17
      12
      11
      17
      11
      13
      18
      16
      25
      21
      25
      29
      30
      20
      25
      15
      12
      18
      16
       9
      16
      16
      21
      12
      17
      18
      14
      14
      12
      21
      18
      16
      24
      16
      13
      10
       8
       9
      12
      11
      17
       9
      13
      17
      16
      14
      14
      12
       9
      11
      12
      18
      15
      18
      14
      16
      14
      13
       7
      11
      11
      10
      14
      11
      10
      17
       9
      12
      17
      17
       9
      14
       7
      14
      11
      15
      19
      15
       9
      18
      18
       7
      16
      13
      11
      12
      10
      14
      13
      12
      15
       8
      16
      14
      10
      13
      12
      17
      14
      14
      14
      13
      14
      12
      12
      17
      20
      14
      15
      11
       8
      16
      12
      16
      14
      13
       9
       9
       8
       7
      12
      16
      11
      18
       9
      12
      14
       8
      24
       6
      10
      19
       6
       9
       8
      15
      17
       7
      15
       9
      16
      16
      20
      15
      13
      16
      10
       8
      18
      11
       7
      14
      15
      15
      15
      15
       9
      10
      14
      11
      14
      10
       9
      10
      16
      13
      12
      11
      12
      12
      13
       9
      12
      12
      11
      11
       9
      13
      13
      12
      13
      16
      12
      18
      18
      10
      13
      17
      14
      17
       5
      11
      10
      15
      11
      12
      17
      11
       9
      17
      16
      14
      10
      16
      14
       8
      15
      14
      13
      20
      11
      15
      10
      24
      10
      16
      13
      11
      13
      16
      17
      16
      14
      13
       8
      10
      11
      15
      13
      10
       8
      15
      10
       9
      16
      11
      17
       9
      16
      10
       8
       8
      16
      14
      11
      10
      13
       9
      15
      14
      14
      14
       8
      13
      16
      16
      18
      14
      11
      14
      12
      13
      12
      19
       8
      14
      13
      11
      18
      19
      10
      10
       4
      10
       9
      11
       7
      14
      12
       8
      16
       8
      15
      13
      13
      18
      11
      10
      14
      14
      12
       7
      13
      11
      12
      13
      10
      18
      15
      21
      15
      10
      11
      10
      11
      12
      14
      12
      12
      17
      10
      14
      19
      16
      12
      24
      26
      20
      37
      34
      48
      44
      24
      31
      29
      21
      24
      16
      16
       9
      11
      15
      16
       7
      15
      12
       5
      14
      11
       5
       7
      13
       8
      11
       8
      19
      16
       4
      16
      15
       8
       8
      16
      13
      13
      14
      18
      13
      13
      12
      12
      12
       6
      12
       8
      15
      10
       9
      11
      19
       7
      13
       7
       9
      13
      14
      12
       8
       8
      11
       8
      15
      20
       9
      10
       9
       9
       9
      12
      12
       8
      17
       7
      20
      26
      20
      29
      20
      23
      12
      28
      16
      25
      15
      18
       9
       8
      10
       9
      11
       8
      12
      11
      10
      17
       3
      13
      12
      19
      16
      11
      15
       7
      13
       7
       4
      11
      11
      12
      10
      15
      11
      16
       7
      11
      10
      10
      13
       4
       5
       9
      13
      10
       5
      11
      20
      12
       8
       6
      11
       7
      10
      12
      10
       2
      13
       9
      14
      13
      10
      19
       8
      14
      11
       8
       4
       8
      10
      15
      12
       8
      11
      21
      13
       9
      14
      11
      10
       8
       7
      15
      12
      12
       6
      11
       7
       3
       9
      11
       6
       8
      14
       5
      14
       7
       8
      10
      13
      16
      14
      10
      11
      17
      17
      18
      14
       9
      22
      14
      16
      17
      14
      14
      14
      12
       9
       7
      10
      11
       8
       5
      15
       9
      12
      12
      10
      15
       8
      20
      13
      13
      11
      24
      13
      15
      16
      11
      12
      18
      10
      13
      10
      14
      16
       8
      14
       5
       9
       8
       3
      17
       7
       9
      12
       7
       6
       9
       7
      12
       7
       7
       7
      11
      10
      16
      11
      17
       6
       7
      12
      13
       7
      10
      10
       8
      13
       5
       6
      11
      10
      12
       3
      12
      12
       8
      10
      11
      10
       8
      10
      11
      10
      11
       8
       9
      11
      10
      11
      14
      15
      15
       6
      11
      15
       8
      10
      11
      11
      10
      12
      13
       9
      11
      12
       6
       7
       8
      10
      10
       9
      13
       4
      14
      11
      12
       9
       9
       7
      12
      11
      11
      10
      12
       7
      10
      12
       8
      13
      23
      26
      44
      49
      65
      69
      93
     118
      91
      90
      80
      82
      51
      41
      30
      22
      12
       9
      22
      12
       8
       9
       9
      12
       8
      11
      10
       9
      11
      13
      10
       6
       6
       6
      11
      11
       9
      11
      12
       9
       8
      10
       8
       9
      12
       9
      14
      12
      11
      12
      11
      14
       6
       9
       3
       8
       9
      14
       8
       9
      11
      12
       4
       6
      14
       6
       9
       6
      16
       9
       7
       7
      13
      14
      19
       6
      11
      11
      10
       8
       8
      12
       6
       6
      11
      13
      11
      12
       7
      10
      12
      12
      19
      27
      40
      72
      96
     122
     261
     321
     369
     443
     573
     518
     502
     455
     343
     278
     206
     156
      98
      52
      42
      26
      10
       8
       8
       5
       8
      13
       5
      12
       6
       9
       9
       9
       7
      12
      11
       8
       8
      15
       8
      18
      13
       8
       7
       6
      14
       7
       7
       3
       2
       4
       4
       9
       8
       5
       6
      11
       7
       3
       7
       5
       7
      10
       5
      10
       6
       5
       8
       5
       8
      10
       4
       7
       4
       7
       6
       5
       6
      11
       8
      12
       7
       4
       6
       5
       2
       6
       8
       8
       2
      10
      12
       8
       9
      10
       5
       8
      12
       9
       5
       7
       9
       4
       3
       7
       8
       8
       8
      10
      10
       3
       6
      10
       6
       7
       3
       6
       7
       8
      10
       9
      12
       9
      19
      17
      17
      11
      18
      14
      13
      11
      10
      11
       8
       8
       8
       5
       9
       7
       7
       7
       8
       7
       5
      10
       6
       4
       5
      10
       7
       8
      12
      18
      18
      12
      19
      20
      23
      18
      20
      14
      23
       4
       9
      10
       9
       6
       7
       5
      10
       7
       7
       9
       4
      10
       4
       9
       3
       8
       9
       2
       7
       6
       8
       4
       8
       6
      10
       4
       4
       3
       4
       9
       7
       7
       7
       5
       7
       8
       7
       5
       6
       4
       6
       7
       4
       8
       5
       2
       6
       8
      10
      13
       6
      10
       5
       6
       4
       6
       4
       8
      13
       9
      10
       8
       4
       4
       4
       2
       6
       3
       6
       5
       5
       7
      11
       5
       7
       7
       7
       6
      11
       3
      11
       0
       8
       6
       4
       8
       7
       7
       7
      14
      13
      17
      14
      28
      23
      24
      28
      27
      29
      19
       7
      12
      15
       5
       9
       2
       7
       7
       9
       2
       6
      10
       4
       8
       6
       8
       7
       6
       3
       6
       3
       2
       7
       6
       7
       6
       8
       5
      10
       5
       8
       6
       8
       3
       4
      10
       5
       7
       5
       1
       6
       6
       5
       4
       3
       5
       3
       7
      10
       3
       7
       5
       7
       5
      12
       4
       6
       2
       8
       8
       8
       6
      10
      14
       7
       6
       7
       4
       4
       5
       4
       7
       8
       2
       6
       5
       9
       8
       6
      10
       3
       3
       5
       6
       6
       7
      11
       8
       7
       4
      14
       9
       5
      10
       5
       4
       9
       4
       4
       9
       3
       7
       6
       7
       4
       7
       4
       2
       6
       7
       5
       9
       8
       8
       4
       5
       3
       5
       7
       9
       1
       3
       4
       5
       7
       5
       5
       4
       8
       4
       2
       6
      10
       7
       7
       6
       6
       6
       5
       6
       2
       2
       5
       8
       5
       4
       6
       3
       7
       1
       4
       4
       3
       4
      11
       6
       1
       4
       3
       4
      10
       9
       8
       3
       2
       2
       9
       7
       5
       5
       3
       8
       5
      13
       6
       5
       7
       6
       4
       6
       5
       7
       5
      11
       4
       8
       2
       9
       7
       4
       2
       3
       6
       4
       5
       3
       7
       7
       4
       9
       5
       7
       4
       8
       0
      10
       7
       7
       8
       5
       4
       8
      12
       4
       4
       5
       8
       1
       9
       6
       7
       4
       9
       6
       6
       5
       7
       3
       6
      11
       9
       8
       3
       6
       2
       8
       9
       5
      11
      12
       9
       7
       6
       9
       9
       9
       8
       8
       4
       3
       3
       6
       5
       7
       3
       3
       7
       5
       5
       3
       7
       5
       9
       7
       4
       7
       6
       8
       3
       3
       4
      10
       4
       9
       7
       6
       4
       9
       2
       6
       5
       3
      10
       7
       6
      10
       5
       6
       3
       7
       6
       7
       6
       3
       9
       8
       2
       5
      13
       9
       1
       4
       4
       3
       5
       3
       4
       8
       6
      10
       5
       8
       7
       4
       9
       5
       5
       7
       6
       6
       8
       9
      10
       7
       8
       6
       5
       6
       5
       4
       3
       5
       4
       2
       1
       4
       4
       4
       4
       1
       5
       5
      14
       2
       8
       4
       4
      10
       7
       5
       4
       5
       4
       2
       3
       7
       7
       2
       4
       5
       3
       2
       5
       7
       6
       7
      12
       5
       4
      10
      14
      11
      11
      10
      18
      14
      17
      16
      18
      10
      14
      18
      17
      15
      13
       3
       5
       9
       3
       5
       3
       7
       6
       4
       8
       7
       6
       2
       5
       5
       8
       7
       9
       5
       2
       6
       4
       4
       6
      10
       7
       3
       5
       5
       7
       5
       6
       9
       6
       9
       3
      10
       4
       4
       5
       6
       8
      10
       3
       8
       6
       5
       2
       8
       7
       7
       4
       8
       7
       5
       5
       3
       3
       8
      10
       9
       8
       1
       5
       2
       5
       8
       7
       3
       3
       6
       5
      10
       4
       9
       1
       6
       9
       4
       1
       2
       4
       4
       6
       5
       5
       3
       4
       5
       4
       4
       4
       5
       2
       3
       6
       5
       3
       2
       2
       4
       3
       6
      10
       5
       6
       6
       8
       6
       4
       9
       4
       3
       3
       4
       3
       4
       1
       3
       4
       1
       3
       7
       5
       3
       8
       5
       5
       8
       8
       8
       5
       8
       3
      10
       5
       2
       6
       9
       1
       9
       3
       5
       7
       2
       2
       8
       5
       4
       3
       3
       6
       9
       5
       6
       5
       7
       5
       4
       4
       8
       5
       4
       3
       6
       3
       7
       5
       3
       7
       5
       3
       9
       8
       5
       9
       6
       5
       1
       4
       4
       5
       2
       7
       7
       7
       7
       2
       8
       6
       7
       3
       1
       8
       6
       5
       5
       5
       6
       7
       6
       5
       6
       5
       6
       6
       5
       5
       6
       5
       6
       6
       5
       6
       0
       6
       3
       2
       8
       6
       6
       8
       3
       6
       2
       5
       5
       3
       4
       4
       3
       7
      10
       9
       6
       8
       6
       3
       3
       9
       4
       7
       6
      11
      11
       8
       5
       3
       3
       5
       8
       4
       7
       1
       3
       7
      12
       5
       7
       6
       4
       3
       9
       7
       8
       6
       3
       3
       8
       7
       5
       2
       4
       7
       7
       5
       7
       5
      11
       4
       6
       1
       4
       5
       3
       6
       7
       5
       5
       3
       5
       4
       6
       4
       6
       4
       6
       4
       8
       9
       7
       5
      11
      13
       8
       6
      11
       5
       9
       2
       3
       8
       3
       8
      10
       6
      10
      10
       8
       8
       4
       6
       9
       4
       8
       8
       7
       6
       6
      11
       6
       5
       7
       5
       3
       4
       7
       8
       3
       6
       5
       5
       5
       5
       9
       3
       2
       4
       5
       2
       6
       5
       5
       6
       5
       8
       6
       3
       5
       7
       3
       3
       3
      11
       6
       5
       6
       6
       4
       4
       3
       4
       4
      10
       7
       5
       4
       7
       3
       4
       3
       9
       4
       6
       8
       3
       8
       3
       6
       8
       5
       4
      12
       7
       9
       5
       6
       5
       2
       4
       3
       5
       7
      11
       8
       8
      10
      13
      10
       8
       7
       3
       7
       6
       3
       5
       5
       7
       5
       5
       5
       6
       9
       8
       5
       2
       2
       2
       5
       9
       6
       4
       0
       5
       3
       7
       7
       4
       4
       7
       4
       5
       5
       6
       5
       2
       6
      10
       5
       6
       6
       5
       5
       5
       3
       4
      10
       5
       8
       8
       6
       9
       8
       6
       7
       4
       5
       5
       5
       6
       4
      10
       5
       8
       8
       5
       4
       7
       2
       7
       6
       5
       2
      11
       9
       3
       7
       4
       3
       3
       3
       4
       5
       5
       8
       7
       7
       2
       4
       5
       4
      10
       5
       4
       5
       5
       2
       3
       5
      10
       3
       3
       8
       6
       3
       5
       7
       1
       2
       5
       4
       7
       3
       2
       5
       6
       4
       5
       6
       6
       8
       8
       7
       9
       6
       5
       7
       7
       8
       8
       9
       2
       3
       4
       6
       5
       4
       4
       4
       5
       4
       7
       6
       3
      10
       5
       5
       4
       5
       5
       7
       5
       9
       9
       4
       3
       5
       7
       2
       6
       0
       2
       8
       2
      10
       6
       3
       7
       5
       4
       5
       3
       5
       7
       6
       5
       4
       3
       4
       3
       1
       8
       9
       4
       5
       9
       2
       6
       5
       2
       6
       1
       5
       3
       5
       5
       6
       2
       9
       8
       6
       5
       6
       3
       6
       4
       3
       4
       5
       3
       7
       8
       8
       3
       4
       6
       6
       3
       6
       3
       5
       4
       3
       4
       3
       4
       5
       5
       6
       2
       7
       6
       4
       2
       8
       3
       9
       3
       5
       3
       4
       4
       6
       8
       6
       6
       7
       4
       5
       4
       8
       5
       4
      10
       8
       5
       2
       4
       4
       4
       7
       2
       6
       4
       4
       6
       1
       3
       5
       1
       2
       5
       5
       3
       6
       8
       5
       6
       6
       3
       5
       5
       6
       7
       7
       7
       5
       2
       4
       9
       6
       2
       5
       0
       3
       7
       3
       4
       5
       8
       3
       7
       4
       4
       3
       4
       8
       6
       3
       2
       8
       2
       7
       5
       6
       7
       7
       6
       6
       2
       8
       7
       5
       0
       6
       3
       3
       5
       1
       2
       6
       4
       9
       3
       2
       3
       4
       3
       8
       6
       3
       4
       4
       4
       1
       3
      10
       3
       4
       8
       1
       4
       6
       6
       7
       8
       5
       2
       3
       6
       3
       2
       7
       1
       6
       4
       4
       4
       1
       9
       7
       2
       6
       6
       3
       3
       2
       5
       3
       9
       6
       5
       2
       2
       5
       9
       5
       4
       5
       4
       2
       4
       4
       5
       5
       4
       4
       4
       3
       4
       7
       8
       2
       3
       5
       7
       5
       6
       6
       6
       3
       5
       2
       4
       3
       9
       3
       5
       3
       8
       1
       2
       3
       5
       4
       1
       6
       9
       3
       4
       6
       6
       4
       5
       7
       2
       2
       2
       2
       1
       5
       8
      12
       7
       8
       5
       6
       4
       5
       3
       2
       2
       2
       3
       8
       3
       9
       0
       1
       3
       8
       5
       1
       2
       4
       6
       0
       3
       5
       4
       4
       3
       3
       4
       3
       5
       3
       8
       6
       4
       2
       3
       4
       3
       7
       7
       2
       8
       5
       5
       5
       6
       2
       3
       1
       4
       4
       2
       1
       5
       5
       3
       3
       6
       3
       5
       8
       2
       3
      10
       9
       4
       7
       3
       4
       4
       5
       5
       4
       1
       3
       1
       4
       5
       3
       9
       6
       2
       8
       2
       3
       5
       8
       6
       4
       2
       4
       6
       4
       7
       3
       4
       5
       7
       6
       8
       4
       2
       5
       4
       8
      10
       4
       3
       5
       7
       7
       6
       5
       6
       4
       5
       6
       3
       6
       6
       1
       5
       5
       2
       5
       6
       3
       8
       3
       6
       4
       3
       9
       3
       4
       5
       3
       5
       3
       3
       3
       4
       5
       3
       2
       5
       4
       1
       1
       4
       5
       5
       4
       2
       1
       1
       7
       7
       3
       7
       6
       4
       7
       1
       5
       5
       5
       6
       7
       5
       6
       3
       6
       7
       4
       1
       4
       6
       2
       4
       3
       3
       6
       1
       4
       4
       6
       9
       4
       7
       3
       5
       1
       2
       2
       6
       5
       4
       7
       5
       8
       8
       8
       6
       9
       5
      10
       5
       3
       4
       6
       3
       2
       4
       3
       4
       3
       2
       0
       3
       3
       5
       4
       8
       3
       5
       8
       1
       6
       8
       1
       4
       5
       4
       6
       6
       5
       4
       7
       3
       5
       2
       7
       8
       1
       3
       1
       2
       4
       6
       2
       3
       2
       2
       7
       5
       2
       3
       5
       6
       3
       2
       2
       7
       4
       6
       2
       1
       2
       6
       4
       3
       3
       8
       3
       5
       5
       2
       5
       3
       2
       2
       5
       4
       1
       8
       1
       7
       3
       5
       3
       3
       4
       3
       1
       6
       5
       5
       3
       3
       3
       5
       2
       1
       2
       6
       2
       6
       5
       5
       5
       3
       2
       4
      10
       4
       1
       6
       4
       5
       3
       1
       7
       4
       5
       3
       1
       2
       4
       4
       5
       2
       6
       7
       5
       5
       4
       5
       3
       7
       5
       3
       7
       4
       7
       8
       9
       3
       2
       6
       3
       6
       4
       6
       3
       2
       6
       3
       1
       4
       1
       4
       2
       4
       3
       4
       6
       5
       4
       4
       4
       1
       3
       5
       5
       2
       7
       2
       5
       9
       5
       3
       6
       3
       2
       2
       3
       5
       3
       6
       8
       5
       5
       4
       6
       3
       2
       5
       2
       6
       2
       3
       7
       5
       4
       2
       4
       7
       5
       3
       3
       2
       4
       4
       4
       8
       8
       4
       5
       5
       8
       4
       8
       2
       1
       2
       6
       7
       1
       5
       7
       6
       6
       2
       7
       5
       4
       4
       2
       8
       4
       8
       8
       8
       5
       6
       7
       7
       7
       5
       6
       2
       8
       3
       2
       6
       2
       4
       6
       6
       3
       4
       3
       3
       1
       4
       1
       6
       5
       3
       4
       8
       5
       4
       4
       6
       4
       1
       6
       6
       4
       5
       7
       1
       5
       4
       3
       3
       3
       3
       5
       6
       2
       3
       5
       5
       7
       3
       7
       2
       6
       4
       4
       5
       5
       7
       8
       6
       1
       1
       6
       3
       2
       6
       3
       3
       2
       5
       3
       5
       2
       1
       6
       5
       5
       5
       7
       8
       5
       1
       4
       5
       3
       7
       2
       5
       6
       4
       3
       2
       4
       6
       4
       3
       2
       4
       1
       7
       7
       4
       6
       5
       3
       3
       1
       4
       2
       6
       1
       5
       3
       1
       5
       4
       4
       5
       1
       2
       4
       9
       6
       4
       5
       4
       3
       5
       6
       6
       5
       1
       4
       9
       3
       4
      10
       6
       3
       4
       5
       6
       3
       7
       3
       1
       6
       6
       4
       1
       1
       2
       4
       1
       4
       1
       2
       3
       4
       6
       4
       5
       6
       1
       3
       4
       3
       3
       6
       4
       2
       6
       3
      11
       8
       6
       7
      10
       8
       8
       6
       6
       4
       8
       3
       3
       4
       3
       5
       3
       2
       0
       1
       1
       3
       3
       2
       3
       2
       3
       6
       3
       7
       2
       5
       4
       5
       3
       4
       5
       3
       6
       1
       1
       5
       2
       0
       5
       1
       7
       4
       3
       6
       2
       2
       3
       3
       3
       2
       3
       2
       4
       2
       1
       2
       5
       3
       3
       2
       3
       4
       5
       2
       6
       3
       5
       3
       6
       2
       4
       1
       9
       4
      10
       3
       3
       2
       3
       6
       3
       2
       2
       5
       5
       1
       2
       5
       6
       1
       3
       3
       5
       2
       2
       3
       4
       1
       4
       3
       4
       1
       7
       3
       4
       3
       3
       4
       3
       1
       1
       1
       3
       8
       1
       4
       6
       3
       5
       4
       8
       4
       2
       7
       4
       4
       3
       1
       3
       6
       3
       5
       3
       2
       1
       2
       3
       5
       4
       1
       1
       6
       2
       6
       3
       4
       4
       6
       5
       1
       3
       1
       1
       2
       3
       3
       4
       1
       4
       3
       3
       5
       4
       4
       3
       5
       1
       2
       5
       2
       0
       2
       6
       3
       4
       5
       1
       5
       1
       3
       4
       7
       5
       5
       3
       2
       3
       8
       2
       4
       2
       5
       3
       2
       4
       2
       6
       0
       5
       1
       3
       7
       7
       0
       2
       3
       3
       1
       5
       9
       6
       5
       4
       4
       3
       4
       5
       2
       5
       5
       7
       3
       5
       5
       8
       2
       6
       7
       7
       1
      11
       9
      19
      28
      32
      75
     102
     128
     199
     307
     455
     512
     660
     799
     884
     966
     954
     990
     817
     749
     585
     451
     296
     243
     145
      78
      59
      25
      12
       4
       4
       1
       1
       0
       2
       0
       0
       0
       1
       1
       2
       1
       0
       0
       2
       0
       0
       0
       0
       0
       2
       2
       0
       0
       0
       0
       0
       0
       0
       0
       2
       0
       0
       0
       0
       0
       1
       0
       0
       1
       1
       0
       0
       0
       0
       0
       0
       1
       0
       1
       0
       1
       0
       0
       0
       0
       0
       0
       0
       0
       0
       1
       1
       0
       0
       0
       0
       0
       0
       1
       0
       0
       0
       0
       1
       0
       0
       0
       0
       0
       0
       1
       0
       0
       0
       0
       0
       1
       1
       2
       0
       0
       0
       2
       0
       0
       0
       0
       0
       0
       1
       0
       1
       0
       0
       0
       0
       1
       0
       0
       2
       0
       0
       1
       0
       1
       0
       0
       0
       0
       0
       0
       1
       0
       0
       0
       0
       2
       0
       0
       0
       0
       0
       0
       1
       1
       0
       1
       1
       0
       0
       0
       1
       0
       0
       0
       0
       0
       0
       0
       0
       1
       0
       0
       0
       0
       0
       0
       1
       0
       1
       0
       0
       1
       2
       0
       0
       0
       0
       0
       0
       0
       0
       0
       0
       1
       0
       0
       0
       1
       1
       1
       0
       0
       0
       0
       0
       0
       0
       1
       0
       0
       0
       0
       1
       0
       1
       0
       0
       0
       0
       0
       1
       0
       0
       0
       0
       0
       0
       0
       0
       0
       0
       0
       0
       0
       0
       0
       1
       1
       0
       0
       0
       0
       1
       0
       0
       0
       0
       1
       0
       0
       0
       0
       1
       0
       0
       0
       0
       1
       0
       0
       0
       2
       0
       1
       0
       0
       0
       0
       0
       1
       1
       0
       0
       0
       0
       1
       0
       0
       0
       0
       0
       0
       0
       1
       0
       0
       1
       0
       0
       0
       1
       0
       0
       1
       1
       0
       0
       0
       0
       0
       1
       0
       0
       0
       0
       0
       0
       0
       0
       0
       0
       0
       0
       0
       0
       0
       0
       0
       0
       0
       1
       0
       0
       0
       1
       0
       0
       0
       0
       0
       0
       1
       0
       0
       0
       1
       0
       0
       0
       0
       0
       0
       0
       1
       0
       0
       1
       0
       0
       0
       0
       0
       0
       0
       0
       0
       0
       0
       1
       0
       0
       0
       0
       0
       0
       0
       0
       0
       0
       0
       0
       0
       0
       0
       1
       1
       1
       0
       0
       0
       1
       0
       0
       0
       0
       0
       1
       0
       1
       0
       0
       0
       0
       0
       0
       0
       0
       1
       0
       0
       0
       0
       0
       0
       1
       0
       0
       0
       0
       0
       0
       0
       0
       0
       0
       0
       0
       0
       2
       1
       0
       0
       1
       0
       0
       0
       0
       0
       0
       0
       0
       1
       0
       0
       0
       0
       0
       1
       2
       0
       1
       0
       0
       1
       1
       1
       0
       2
       0
       1
       1
       0
       2
       2
       1
       0
       0
       0
       0
       0
       0
       0
       0
       0
       0
       0
       1
       0
       0
       0
       1
       0
       0
       1
       0
       0
       2
       0
       0
       0
       0
       1
       0
       0
       0
       1
       0
       0
       0
       0
       0
       1
       0
       0
       1
       0
       0
       0
       0
       0
       0
       0
       0
       0
       0
       0
       1
       0
       0
       0
       0
       1
       0
       1
       0
       0
       0
       0
       0
       0
       0
       0
       0
       0
       0
       0
       0
       0
       0
       0
       0
       0
       0
       1
       0
       0
       0
       0
       0
       0
       0
       0
       0
       0
       0
       0
       0
       1
       0
       0
       0
       1
       0
       0
       0
       0
       0
       0
       0
       0
       0
       0
       1
       0
       0
       0
       0
       0
       0
       1
       0
       0
       0
       0
       1
       1
       0
       0
       0
       0
       0
       0
       0
       0
       0
       0
       0
       0
       0
       0
       0
       1
       0
       0
       0
       0
       0
       0
       0
       1
       0
       0
       0
       0
       0
       0
       0
       0
       0
       0
       3
       1
       2
       4
       4
       5
       4
       0
       5
       4
       1
       0
       0
       1
       1
       1
       1
       0
       1
       1
       0
       0
       0
       1
       0
       0
       0
       0
       1
       0
       0
       1
       0
       0
       0
       0
       0
       0
       0
       0
       0
       0
       0
       0
       0
       0
       0
       0
       0
       0
       0
       0
       0
       1
       1
       0
       0
       0
       0
       1
       0
       0
       1
       0
       0
       0
       0
       1
       1
       0
       0
       0
       0
       0
       1
       1
       0
       0
       0
       0
       1
       1
       1
       0
       0
       1
       0
       0
       0
       0
       2
       2
       3
       2
       0
       1
       1
       0
       0
       0
       0
       0
       0
       0
       0
       0
       0
       0
       0
       0
       0
       0
       0
       1
       0
       0
       0
       0
       1
       0
       0
       0
       0
       0
       0
       0
       0
       0
       0
       0
       1
       0
       0
       1
       0
       2
       0
       0
       0
       0
       3
       1
       2
       1
       0
       1
       0
       0
       1
       0
       1
       0
       0
       0
       1
       0
       0
       0
       0
       0
$ROI:
19
39 63
77 433
476 1430
1676 1700
1726 1750
2047 2064
2101 2125
2235 2259
2354 2378
2448 2472
2589 2613
2954 2978
2985 3535
3555 3579
4081 4105
4951 4975
5046 5070
5101 7360
7414 7438
$PRESETS:
None
0
0
$ENER_FIT:
0.334100 0.294265
$MCA_CAL:
3
3.340998E-001 2.942655E-001 0.000000E+000 keV
$SHAPE_CAL:
3
5.722905E+000 5.062039E-004 0.000000E+000
